            [http://www.neilsloane.com/hadamard/had.148.will.txt],

def get_had148():
    return torch.FloatTensor(
        [
            [+1, +1, -1, +1, -1, +1, -1, -1, -1, -1, +1, +1, -1, -1, +1, -1, -1, +1, +1, +1, +1, -1, -1, +1, -1, -1, +1, +1, -1, -1, -1, -1, +1, -1, +1, -1, +1, +1, +1, -1, +1, -1, +1, -1, -1, -1, -1, +1, +1, -1, -1, +1, -1, -1, +1, +1, +1, +1, -1, -1, +1, -1, -1, +1, +1, -1, -1, -1, -1, +1, -1, +1, -1, +1, +1, +1, +1, +1, -1, +1, +1, +1, +1, -1, +1, -1, -1, +1, -1, -1, -1, +1, +1, +1, +1, -1, -1, -1, +1, -1, -1, +1, -1, +1, +1, +1, +1, -1, +1, +1, +1, +1, -1, -1, -1, +1, -1, -1, -1, -1, +1, -1, +1, +1, -1, +1, +1, +1, -1, -1, -1, -1, +1, +1, +1, -1, +1, +1, -1, +1, -1, -1, -1, -1, +1, -1, -1, -1 ],
            [+1, +1, +1, -1, +1, -1, +1, -1, -1, -1, -1, +1, +1, -1, -1, +1, -1, -1, +1, +1, +1, +1, -1, -1, +1, -1, -1, +1, +1, -1, -1, -1, -1, +1, -1, +1, -1, +1, +1, +1, -1, +1, -1, +1, -1, -1, -1, -1, +1, +1, -1, -1, +1, -1, -1, +1, +1, +1, +1, -1, -1, +1, -1, -1, +1, +1, -1, -1, -1, -1, +1, -1, +1, -1, +1, +1, +1, +1, +1, -1, +1, +1, +1, +1, -1, +1, -1, -1, +1, -1, -1, -1, +1, +1, +1, +1, -1, -1, -1, +1, -1, -1, +1, -1, +1, +1, +1, +1, -1, +1, +1, -1, +1, -1, -1, -1, +1, -1, -1, -1, -1, +1, -1, +1, +1, -1, +1, +1, +1, -1, -1, -1, -1, +1, +1, +1, -1, +1, +1, -1, +1, -1, -1, -1, -1, +1, -1, -1 ],
            [-1, +1, +1, +1, -1, +1, -1, +1, -1, -1, -1, -1, +1, +1, -1, -1, +1, -1, -1, +1, +1, +1, +1, -1, -1, +1, -1, -1, +1, +1, -1, -1, -1, -1, +1, -1, +1, -1, +1, +1, +1, -1, +1, -1, +1, -1, -1, -1, -1, +1, +1, -1, -1, +1, -1, -1, +1, +1, +1, +1, -1, -1, +1, -1, -1, +1, +1, -1, -1, -1, -1, +1, -1, +1, +1, +1, +1, +1, +1, +1, -1, +1, +1, +1, +1, -1, +1, -1, -1, +1, -1, -1, -1, +1, +1, +1, +1, -1, -1, -1, +1, -1, -1, +1, -1, +1, +1, +1, +1, -1, +1, -1, -1, +1, -1, -1, -1, +1, -1, -1, -1, -1, +1, -1, +1, +1, -1, +1, +1, +1, -1, -1, -1, -1, +1, +1, +1, -1, +1, +1, -1, +1, -1, -1, -1, -1, +1, -1 ],
            [+1, -1, +1, +1, +1, -1, +1, -1, +1, -1, -1, -1, -1, +1, +1, -1, -1, +1, -1, -1, +1, +1, +1, +1, -1, -1, +1, -1, -1, +1, +1, -1, -1, -1, -1, +1, -1, +1, -1, +1, +1, +1, -1, +1, -1, +1, -1, -1, -1, -1, +1, +1, -1, -1, +1, -1, -1, +1, +1, +1, +1, -1, -1, +1, -1, -1, +1, +1, -1, -1, -1, -1, +1, -1, +1, +1, +1, +1, +1, +1, +1, -1, +1, +1, +1, +1, -1, +1, -1, -1, +1, -1, -1, -1, +1, +1, +1, +1, -1, -1, -1, +1, -1, -1, +1, -1, +1, +1, +1, +1, -1, -1, -1, -1, +1, -1, -1, -1, +1, -1, -1, -1, -1, +1, -1, +1, +1, -1, +1, +1, +1, -1, -1, -1, -1, +1, +1, +1, -1, +1, +1, -1, +1, -1, -1, -1, -1, +1 ],
            [-1, +1, -1, +1, +1, +1, -1, +1, -1, +1, -1, -1, -1, -1, +1, +1, -1, -1, +1, -1, -1, +1, +1, +1, +1, -1, -1, +1, -1, -1, +1, +1, -1, -1, -1, -1, +1, -1, +1, -1, +1, +1, +1, -1, +1, -1, +1, -1, -1, -1, -1, +1, +1, -1, -1, +1, -1, -1, +1, +1, +1, +1, -1, -1, +1, -1, -1, +1, +1, -1, -1, -1, -1, +1, -1, +1, +1, +1, +1, +1, +1, +1, -1, +1, +1, +1, +1, -1, +1, -1, -1, +1, -1, -1, -1, +1, +1, +1, +1, -1, -1, -1, +1, -1, -1, +1, -1, +1, +1, +1, +1, +1, -1, -1, -1, +1, -1, -1, -1, +1, -1, -1, -1, -1, +1, -1, +1, +1, -1, +1, +1, +1, -1, -1, -1, -1, +1, +1, +1, -1, +1, +1, -1, +1, -1, -1, -1, -1 ],
            [+1, -1, +1, -1, +1, +1, +1, -1, +1, -1, +1, -1, -1, -1, -1, +1, +1, -1, -1, +1, -1, -1, +1, +1, +1, +1, -1, -1, +1, -1, -1, +1, +1, -1, -1, -1, -1, +1, -1, +1, -1, +1, +1, +1, -1, +1, -1, +1, -1, -1, -1, -1, +1, +1, -1, -1, +1, -1, -1, +1, +1, +1, +1, -1, -1, +1, -1, -1, +1, +1, -1, -1, -1, -1, +1, -1, +1, +1, +1, +1, +1, +1, +1, -1, +1, +1, +1, +1, -1, +1, -1, -1, +1, -1, -1, -1, +1, +1, +1, +1, -1, -1, -1, +1, -1, -1, +1, -1, +1, +1, +1, -1, +1, -1, -1, -1, +1, -1, -1, -1, +1, -1, -1, -1, -1, +1, -1, +1, +1, -1, +1, +1, +1, -1, -1, -1, -1, +1, +1, +1, -1, +1, +1, -1, +1, -1, -1, -1 ],
            [-1, +1, -1, +1, -1, +1, +1, +1, -1, +1, -1, +1, -1, -1, -1, -1, +1, +1, -1, -1, +1, -1, -1, +1, +1, +1, +1, -1, -1, +1, -1, -1, +1, +1, -1, -1, -1, -1, +1, -1, +1, -1, +1, +1, +1, -1, +1, -1, +1, -1, -1, -1, -1, +1, +1, -1, -1, +1, -1, -1, +1, +1, +1, +1, -1, -1, +1, -1, -1, +1, +1, -1, -1, -1, +1, +1, -1, +1, +1, +1, +1, +1, +1, +1, -1, +1, +1, +1, +1, -1, +1, -1, -1, +1, -1, -1, -1, +1, +1, +1, +1, -1, -1, -1, +1, -1, -1, +1, -1, +1, +1, -1, -1, +1, -1, -1, -1, +1, -1, -1, -1, +1, -1, -1, -1, -1, +1, -1, +1, +1, -1, +1, +1, +1, -1, -1, -1, -1, +1, +1, +1, -1, +1, +1, -1, +1, -1, -1 ],
            [-1, -1, +1, -1, +1, -1, +1, +1, +1, -1, +1, -1, +1, -1, -1, -1, -1, +1, +1, -1, -1, +1, -1, -1, +1, +1, +1, +1, -1, -1, +1, -1, -1, +1, +1, -1, -1, -1, -1, +1, -1, +1, -1, +1, +1, +1, -1, +1, -1, +1, -1, -1, -1, -1, +1, +1, -1, -1, +1, -1, -1, +1, +1, +1, +1, -1, -1, +1, -1, -1, +1, +1, -1, -1, +1, +1, +1, -1, +1, +1, +1, +1, +1, +1, +1, -1, +1, +1, +1, +1, -1, +1, -1, -1, +1, -1, -1, -1, +1, +1, +1, +1, -1, -1, -1, +1, -1, -1, +1, -1, +1, -1, -1, -1, +1, -1, -1, -1, +1, -1, -1, -1, +1, -1, -1, -1, -1, +1, -1, +1, +1, -1, +1, +1, +1, -1, -1, -1, -1, +1, +1, +1, -1, +1, +1, -1, +1, -1 ],
            [-1, -1, -1, +1, -1, +1, -1, +1, +1, +1, -1, +1, -1, +1, -1, -1, -1, -1, +1, +1, -1, -1, +1, -1, -1, +1, +1, +1, +1, -1, -1, +1, -1, -1, +1, +1, -1, -1, -1, -1, +1, -1, +1, -1, +1, +1, +1, -1, +1, -1, +1, -1, -1, -1, -1, +1, +1, -1, -1, +1, -1, -1, +1, +1, +1, +1, -1, -1, +1, -1, -1, +1, +1, -1, +1, +1, +1, +1, -1, +1, +1, +1, +1, +1, +1, +1, -1, +1, +1, +1, +1, -1, +1, -1, -1, +1, -1, -1, -1, +1, +1, +1, +1, -1, -1, -1, +1, -1, -1, +1, -1, -1, -1, -1, -1, +1, -1, -1, -1, +1, -1, -1, -1, +1, -1, -1, -1, -1, +1, -1, +1, +1, -1, +1, +1, +1, -1, -1, -1, -1, +1, +1, +1, -1, +1, +1, -1, +1 ],
            [-1, -1, -1, -1, +1, -1, +1, -1, +1, +1, +1, -1, +1, -1, +1, -1, -1, -1, -1, +1, +1, -1, -1, +1, -1, -1, +1, +1, +1, +1, -1, -1, +1, -1, -1, +1, +1, -1, -1, -1, -1, +1, -1, +1, -1, +1, +1, +1, -1, +1, -1, +1, -1, -1, -1, -1, +1, +1, -1, -1, +1, -1, -1, +1, +1, +1, +1, -1, -1, +1, -1, -1, +1, +1, -1, +1, +1, +1, +1, -1, +1, +1, +1, +1, +1, +1, +1, -1, +1, +1, +1, +1, -1, +1, -1, -1, +1, -1, -1, -1, +1, +1, +1, +1, -1, -1, -1, +1, -1, -1, +1, +1, -1, -1, -1, -1, +1, -1, -1, -1, +1, -1, -1, -1, +1, -1, -1, -1, -1, +1, -1, +1, +1, -1, +1, +1, +1, -1, -1, -1, -1, +1, +1, +1, -1, +1, +1, -1 ],
            [+1, -1, -1, -1, -1, +1, -1, +1, -1, +1, +1, +1, -1, +1, -1, +1, -1, -1, -1, -1, +1, +1, -1, -1, +1, -1, -1, +1, +1, +1, +1, -1, -1, +1, -1, -1, +1, +1, -1, -1, -1, -1, +1, -1, +1, -1, +1, +1, +1, -1, +1, -1, +1, -1, -1, -1, -1, +1, +1, -1, -1, +1, -1, -1, +1, +1, +1, +1, -1, -1, +1, -1, -1, +1, +1, -1, +1, +1, +1, +1, -1, +1, +1, +1, +1, +1, +1, +1, -1, +1, +1, +1, +1, -1, +1, -1, -1, +1, -1, -1, -1, +1, +1, +1, +1, -1, -1, -1, +1, -1, -1, -1, +1, -1, -1, -1, -1, +1, -1, -1, -1, +1, -1, -1, -1, +1, -1, -1, -1, -1, +1, -1, +1, +1, -1, +1, +1, +1, -1, -1, -1, -1, +1, +1, +1, -1, +1, +1 ],
            [+1, +1, -1, -1, -1, -1, +1, -1, +1, -1, +1, +1, +1, -1, +1, -1, +1, -1, -1, -1, -1, +1, +1, -1, -1, +1, -1, -1, +1, +1, +1, +1, -1, -1, +1, -1, -1, +1, +1, -1, -1, -1, -1, +1, -1, +1, -1, +1, +1, +1, -1, +1, -1, +1, -1, -1, -1, -1, +1, +1, -1, -1, +1, -1, -1, +1, +1, +1, +1, -1, -1, +1, -1, -1, -1, +1, -1, +1, +1, +1, +1, -1, +1, +1, +1, +1, +1, +1, +1, -1, +1, +1, +1, +1, -1, +1, -1, -1, +1, -1, -1, -1, +1, +1, +1, +1, -1, -1, -1, +1, -1, +1, -1, +1, -1, -1, -1, -1, +1, -1, -1, -1, +1, -1, -1, -1, +1, -1, -1, -1, -1, +1, -1, +1, +1, -1, +1, +1, +1, -1, -1, -1, -1, +1, +1, +1, -1, +1 ],
            [-1, +1, +1, -1, -1, -1, -1, +1, -1, +1, -1, +1, +1, +1, -1, +1, -1, +1, -1, -1, -1, -1, +1, +1, -1, -1, +1, -1, -1, +1, +1, +1, +1, -1, -1, +1, -1, -1, +1, +1, -1, -1, -1, -1, +1, -1, +1, -1, +1, +1, +1, -1, +1, -1, +1, -1, -1, -1, -1, +1, +1, -1, -1, +1, -1, -1, +1, +1, +1, +1, -1, -1, +1, -1, -1, -1, +1, -1, +1, +1, +1, +1, -1, +1, +1, +1, +1, +1, +1, +1, -1, +1, +1, +1, +1, -1, +1, -1, -1, +1, -1, -1, -1, +1, +1, +1, +1, -1, -1, -1, +1, +1, +1, -1, +1, -1, -1, -1, -1, +1, -1, -1, -1, +1, -1, -1, -1, +1, -1, -1, -1, -1, +1, -1, +1, +1, -1, +1, +1, +1, -1, -1, -1, -1, +1, +1, +1, -1 ],
            [-1, -1, +1, +1, -1, -1, -1, -1, +1, -1, +1, -1, +1, +1, +1, -1, +1, -1, +1, -1, -1, -1, -1, +1, +1, -1, -1, +1, -1, -1, +1, +1, +1, +1, -1, -1, +1, -1, -1, +1, +1, -1, -1, -1, -1, +1, -1, +1, -1, +1, +1, +1, -1, +1, -1, +1, -1, -1, -1, -1, +1, +1, -1, -1, +1, -1, -1, +1, +1, +1, +1, -1, -1, +1, +1, -1, -1, +1, -1, +1, +1, +1, +1, -1, +1, +1, +1, +1, +1, +1, +1, -1, +1, +1, +1, +1, -1, +1, -1, -1, +1, -1, -1, -1, +1, +1, +1, +1, -1, -1, -1, -1, +1, +1, -1, +1, -1, -1, -1, -1, +1, -1, -1, -1, +1, -1, -1, -1, +1, -1, -1, -1, -1, +1, -1, +1, +1, -1, +1, +1, +1, -1, -1, -1, -1, +1, +1, +1 ],
            [+1, -1, -1, +1, +1, -1, -1, -1, -1, +1, -1, +1, -1, +1, +1, +1, -1, +1, -1, +1, -1, -1, -1, -1, +1, +1, -1, -1, +1, -1, -1, +1, +1, +1, +1, -1, -1, +1, -1, -1, +1, +1, -1, -1, -1, -1, +1, -1, +1, -1, +1, +1, +1, -1, +1, -1, +1, -1, -1, -1, -1, +1, +1, -1, -1, +1, -1, -1, +1, +1, +1, +1, -1, -1, -1, +1, -1, -1, +1, -1, +1, +1, +1, +1, -1, +1, +1, +1, +1, +1, +1, +1, -1, +1, +1, +1, +1, -1, +1, -1, -1, +1, -1, -1, -1, +1, +1, +1, +1, -1, -1, +1, -1, +1, +1, -1, +1, -1, -1, -1, -1, +1, -1, -1, -1, +1, -1, -1, -1, +1, -1, -1, -1, -1, +1, -1, +1, +1, -1, +1, +1, +1, -1, -1, -1, -1, +1, +1 ],
            [-1, +1, -1, -1, +1, +1, -1, -1, -1, -1, +1, -1, +1, -1, +1, +1, +1, -1, +1, -1, +1, -1, -1, -1, -1, +1, +1, -1, -1, +1, -1, -1, +1, +1, +1, +1, -1, -1, +1, -1, -1, +1, +1, -1, -1, -1, -1, +1, -1, +1, -1, +1, +1, +1, -1, +1, -1, +1, -1, -1, -1, -1, +1, +1, -1, -1, +1, -1, -1, +1, +1, +1, +1, -1, -1, -1, +1, -1, -1, +1, -1, +1, +1, +1, +1, -1, +1, +1, +1, +1, +1, +1, +1, -1, +1, +1, +1, +1, -1, +1, -1, -1, +1, -1, -1, -1, +1, +1, +1, +1, -1, +1, +1, -1, +1, +1, -1, +1, -1, -1, -1, -1, +1, -1, -1, -1, +1, -1, -1, -1, +1, -1, -1, -1, -1, +1, -1, +1, +1, -1, +1, +1, +1, -1, -1, -1, -1, +1 ],
            [-1, -1, +1, -1, -1, +1, +1, -1, -1, -1, -1, +1, -1, +1, -1, +1, +1, +1, -1, +1, -1, +1, -1, -1, -1, -1, +1, +1, -1, -1, +1, -1, -1, +1, +1, +1, +1, -1, -1, +1, -1, -1, +1, +1, -1, -1, -1, -1, +1, -1, +1, -1, +1, +1, +1, -1, +1, -1, +1, -1, -1, -1, -1, +1, +1, -1, -1, +1, -1, -1, +1, +1, +1, +1, -1, -1, -1, +1, -1, -1, +1, -1, +1, +1, +1, +1, -1, +1, +1, +1, +1, +1, +1, +1, -1, +1, +1, +1, +1, -1, +1, -1, -1, +1, -1, -1, -1, +1, +1, +1, +1, +1, +1, +1, -1, +1, +1, -1, +1, -1, -1, -1, -1, +1, -1, -1, -1, +1, -1, -1, -1, +1, -1, -1, -1, -1, +1, -1, +1, +1, -1, +1, +1, +1, -1, -1, -1, -1 ],
            [+1, -1, -1, +1, -1, -1, +1, +1, -1, -1, -1, -1, +1, -1, +1, -1, +1, +1, +1, -1, +1, -1, +1, -1, -1, -1, -1, +1, +1, -1, -1, +1, -1, -1, +1, +1, +1, +1, -1, -1, +1, -1, -1, +1, +1, -1, -1, -1, -1, +1, -1, +1, -1, +1, +1, +1, -1, +1, -1, +1, -1, -1, -1, -1, +1, +1, -1, -1, +1, -1, -1, +1, +1, +1, +1, -1, -1, -1, +1, -1, -1, +1, -1, +1, +1, +1, +1, -1, +1, +1, +1, +1, +1, +1, +1, -1, +1, +1, +1, +1, -1, +1, -1, -1, +1, -1, -1, -1, +1, +1, +1, -1, +1, +1, +1, -1, +1, +1, -1, +1, -1, -1, -1, -1, +1, -1, -1, -1, +1, -1, -1, -1, +1, -1, -1, -1, -1, +1, -1, +1, +1, -1, +1, +1, +1, -1, -1, -1 ],
            [+1, +1, -1, -1, +1, -1, -1, +1, +1, -1, -1, -1, -1, +1, -1, +1, -1, +1, +1, +1, -1, +1, -1, +1, -1, -1, -1, -1, +1, +1, -1, -1, +1, -1, -1, +1, +1, +1, +1, -1, -1, +1, -1, -1, +1, +1, -1, -1, -1, -1, +1, -1, +1, -1, +1, +1, +1, -1, +1, -1, +1, -1, -1, -1, -1, +1, +1, -1, -1, +1, -1, -1, +1, +1, +1, +1, -1, -1, -1, +1, -1, -1, +1, -1, +1, +1, +1, +1, -1, +1, +1, +1, +1, +1, +1, +1, -1, +1, +1, +1, +1, -1, +1, -1, -1, +1, -1, -1, -1, +1, +1, -1, -1, +1, +1, +1, -1, +1, +1, -1, +1, -1, -1, -1, -1, +1, -1, -1, -1, +1, -1, -1, -1, +1, -1, -1, -1, -1, +1, -1, +1, +1, -1, +1, +1, +1, -1, -1 ],
            [+1, +1, +1, -1, -1, +1, -1, -1, +1, +1, -1, -1, -1, -1, +1, -1, +1, -1, +1, +1, +1, -1, +1, -1, +1, -1, -1, -1, -1, +1, +1, -1, -1, +1, -1, -1, +1, +1, +1, +1, -1, -1, +1, -1, -1, +1, +1, -1, -1, -1, -1, +1, -1, +1, -1, +1, +1, +1, -1, +1, -1, +1, -1, -1, -1, -1, +1, +1, -1, -1, +1, -1, -1, +1, +1, +1, +1, -1, -1, -1, +1, -1, -1, +1, -1, +1, +1, +1, +1, -1, +1, +1, +1, +1, +1, +1, +1, -1, +1, +1, +1, +1, -1, +1, -1, -1, +1, -1, -1, -1, +1, -1, -1, -1, +1, +1, +1, -1, +1, +1, -1, +1, -1, -1, -1, -1, +1, -1, -1, -1, +1, -1, -1, -1, +1, -1, -1, -1, -1, +1, -1, +1, +1, -1, +1, +1, +1, -1 ],
            [+1, +1, +1, +1, -1, -1, +1, -1, -1, +1, +1, -1, -1, -1, -1, +1, -1, +1, -1, +1, +1, +1, -1, +1, -1, +1, -1, -1, -1, -1, +1, +1, -1, -1, +1, -1, -1, +1, +1, +1, +1, -1, -1, +1, -1, -1, +1, +1, -1, -1, -1, -1, +1, -1, +1, -1, +1, +1, +1, -1, +1, -1, +1, -1, -1, -1, -1, +1, +1, -1, -1, +1, -1, -1, +1, +1, +1, +1, -1, -1, -1, +1, -1, -1, +1, -1, +1, +1, +1, +1, -1, +1, +1, +1, +1, +1, +1, +1, -1, +1, +1, +1, +1, -1, +1, -1, -1, +1, -1, -1, -1, -1, -1, -1, -1, +1, +1, +1, -1, +1, +1, -1, +1, -1, -1, -1, -1, +1, -1, -1, -1, +1, -1, -1, -1, +1, -1, -1, -1, -1, +1, -1, +1, +1, -1, +1, +1, +1 ],
            [-1, +1, +1, +1, +1, -1, -1, +1, -1, -1, +1, +1, -1, -1, -1, -1, +1, -1, +1, -1, +1, +1, +1, -1, +1, -1, +1, -1, -1, -1, -1, +1, +1, -1, -1, +1, -1, -1, +1, +1, +1, +1, -1, -1, +1, -1, -1, +1, +1, -1, -1, -1, -1, +1, -1, +1, -1, +1, +1, +1, -1, +1, -1, +1, -1, -1, -1, -1, +1, +1, -1, -1, +1, -1, -1, +1, +1, +1, +1, -1, -1, -1, +1, -1, -1, +1, -1, +1, +1, +1, +1, -1, +1, +1, +1, +1, +1, +1, +1, -1, +1, +1, +1, +1, -1, +1, -1, -1, +1, -1, -1, +1, -1, -1, -1, -1, +1, +1, +1, -1, +1, +1, -1, +1, -1, -1, -1, -1, +1, -1, -1, -1, +1, -1, -1, -1, +1, -1, -1, -1, -1, +1, -1, +1, +1, -1, +1, +1 ],
            [-1, -1, +1, +1, +1, +1, -1, -1, +1, -1, -1, +1, +1, -1, -1, -1, -1, +1, -1, +1, -1, +1, +1, +1, -1, +1, -1, +1, -1, -1, -1, -1, +1, +1, -1, -1, +1, -1, -1, +1, +1, +1, +1, -1, -1, +1, -1, -1, +1, +1, -1, -1, -1, -1, +1, -1, +1, -1, +1, +1, +1, -1, +1, -1, +1, -1, -1, -1, -1, +1, +1, -1, -1, +1, -1, -1, +1, +1, +1, +1, -1, -1, -1, +1, -1, -1, +1, -1, +1, +1, +1, +1, -1, +1, +1, +1, +1, +1, +1, +1, -1, +1, +1, +1, +1, -1, +1, -1, -1, +1, -1, +1, +1, -1, -1, -1, -1, +1, +1, +1, -1, +1, +1, -1, +1, -1, -1, -1, -1, +1, -1, -1, -1, +1, -1, -1, -1, +1, -1, -1, -1, -1, +1, -1, +1, +1, -1, +1 ],
            [+1, -1, -1, +1, +1, +1, +1, -1, -1, +1, -1, -1, +1, +1, -1, -1, -1, -1, +1, -1, +1, -1, +1, +1, +1, -1, +1, -1, +1, -1, -1, -1, -1, +1, +1, -1, -1, +1, -1, -1, +1, +1, +1, +1, -1, -1, +1, -1, -1, +1, +1, -1, -1, -1, -1, +1, -1, +1, -1, +1, +1, +1, -1, +1, -1, +1, -1, -1, -1, -1, +1, +1, -1, -1, -1, -1, -1, +1, +1, +1, +1, -1, -1, -1, +1, -1, -1, +1, -1, +1, +1, +1, +1, -1, +1, +1, +1, +1, +1, +1, +1, -1, +1, +1, +1, +1, -1, +1, -1, -1, +1, +1, +1, +1, -1, -1, -1, -1, +1, +1, +1, -1, +1, +1, -1, +1, -1, -1, -1, -1, +1, -1, -1, -1, +1, -1, -1, -1, +1, -1, -1, -1, -1, +1, -1, +1, +1, -1 ],
            [-1, +1, -1, -1, +1, +1, +1, +1, -1, -1, +1, -1, -1, +1, +1, -1, -1, -1, -1, +1, -1, +1, -1, +1, +1, +1, -1, +1, -1, +1, -1, -1, -1, -1, +1, +1, -1, -1, +1, -1, -1, +1, +1, +1, +1, -1, -1, +1, -1, -1, +1, +1, -1, -1, -1, -1, +1, -1, +1, -1, +1, +1, +1, -1, +1, -1, +1, -1, -1, -1, -1, +1, +1, -1, +1, -1, -1, -1, +1, +1, +1, +1, -1, -1, -1, +1, -1, -1, +1, -1, +1, +1, +1, +1, -1, +1, +1, +1, +1, +1, +1, +1, -1, +1, +1, +1, +1, -1, +1, -1, -1, -1, +1, +1, +1, -1, -1, -1, -1, +1, +1, +1, -1, +1, +1, -1, +1, -1, -1, -1, -1, +1, -1, -1, -1, +1, -1, -1, -1, +1, -1, -1, -1, -1, +1, -1, +1, +1 ],
            [-1, -1, +1, -1, -1, +1, +1, +1, +1, -1, -1, +1, -1, -1, +1, +1, -1, -1, -1, -1, +1, -1, +1, -1, +1, +1, +1, -1, +1, -1, +1, -1, -1, -1, -1, +1, +1, -1, -1, +1, -1, -1, +1, +1, +1, +1, -1, -1, +1, -1, -1, +1, +1, -1, -1, -1, -1, +1, -1, +1, -1, +1, +1, +1, -1, +1, -1, +1, -1, -1, -1, -1, +1, +1, -1, +1, -1, -1, -1, +1, +1, +1, +1, -1, -1, -1, +1, -1, -1, +1, -1, +1, +1, +1, +1, -1, +1, +1, +1, +1, +1, +1, +1, -1, +1, +1, +1, +1, -1, +1, -1, +1, -1, +1, +1, +1, -1, -1, -1, -1, +1, +1, +1, -1, +1, +1, -1, +1, -1, -1, -1, -1, +1, -1, -1, -1, +1, -1, -1, -1, +1, -1, -1, -1, -1, +1, -1, +1 ],
            [+1, -1, -1, +1, -1, -1, +1, +1, +1, +1, -1, -1, +1, -1, -1, +1, +1, -1, -1, -1, -1, +1, -1, +1, -1, +1, +1, +1, -1, +1, -1, +1, -1, -1, -1, -1, +1, +1, -1, -1, +1, -1, -1, +1, +1, +1, +1, -1, -1, +1, -1, -1, +1, +1, -1, -1, -1, -1, +1, -1, +1, -1, +1, +1, +1, -1, +1, -1, +1, -1, -1, -1, -1, +1, -1, -1, +1, -1, -1, -1, +1, +1, +1, +1, -1, -1, -1, +1, -1, -1, +1, -1, +1, +1, +1, +1, -1, +1, +1, +1, +1, +1, +1, +1, -1, +1, +1, +1, +1, -1, +1, +1, +1, -1, +1, +1, +1, -1, -1, -1, -1, +1, +1, +1, -1, +1, +1, -1, +1, -1, -1, -1, -1, +1, -1, -1, -1, +1, -1, -1, -1, +1, -1, -1, -1, -1, +1, -1 ],
            [+1, +1, -1, -1, +1, -1, -1, +1, +1, +1, +1, -1, -1, +1, -1, -1, +1, +1, -1, -1, -1, -1, +1, -1, +1, -1, +1, +1, +1, -1, +1, -1, +1, -1, -1, -1, -1, +1, +1, -1, -1, +1, -1, -1, +1, +1, +1, +1, -1, -1, +1, -1, -1, +1, +1, -1, -1, -1, -1, +1, -1, +1, -1, +1, +1, +1, -1, +1, -1, +1, -1, -1, -1, -1, +1, -1, -1, +1, -1, -1, -1, +1, +1, +1, +1, -1, -1, -1, +1, -1, -1, +1, -1, +1, +1, +1, +1, -1, +1, +1, +1, +1, +1, +1, +1, -1, +1, +1, +1, +1, -1, -1, +1, +1, -1, +1, +1, +1, -1, -1, -1, -1, +1, +1, +1, -1, +1, +1, -1, +1, -1, -1, -1, -1, +1, -1, -1, -1, +1, -1, -1, -1, +1, -1, -1, -1, -1, +1 ],
            [-1, +1, +1, -1, -1, +1, -1, -1, +1, +1, +1, +1, -1, -1, +1, -1, -1, +1, +1, -1, -1, -1, -1, +1, -1, +1, -1, +1, +1, +1, -1, +1, -1, +1, -1, -1, -1, -1, +1, +1, -1, -1, +1, -1, -1, +1, +1, +1, +1, -1, -1, +1, -1, -1, +1, +1, -1, -1, -1, -1, +1, -1, +1, -1, +1, +1, +1, -1, +1, -1, +1, -1, -1, -1, -1, +1, -1, -1, +1, -1, -1, -1, +1, +1, +1, +1, -1, -1, -1, +1, -1, -1, +1, -1, +1, +1, +1, +1, -1, +1, +1, +1, +1, +1, +1, +1, -1, +1, +1, +1, +1, +1, -1, +1, +1, -1, +1, +1, +1, -1, -1, -1, -1, +1, +1, +1, -1, +1, +1, -1, +1, -1, -1, -1, -1, +1, -1, -1, -1, +1, -1, -1, -1, +1, -1, -1, -1, -1 ],
            [-1, -1, +1, +1, -1, -1, +1, -1, -1, +1, +1, +1, +1, -1, -1, +1, -1, -1, +1, +1, -1, -1, -1, -1, +1, -1, +1, -1, +1, +1, +1, -1, +1, -1, +1, -1, -1, -1, -1, +1, +1, -1, -1, +1, -1, -1, +1, +1, +1, +1, -1, -1, +1, -1, -1, +1, +1, -1, -1, -1, -1, +1, -1, +1, -1, +1, +1, +1, -1, +1, -1, +1, -1, -1, +1, -1, +1, -1, -1, +1, -1, -1, -1, +1, +1, +1, +1, -1, -1, -1, +1, -1, -1, +1, -1, +1, +1, +1, +1, -1, +1, +1, +1, +1, +1, +1, +1, -1, +1, +1, +1, -1, +1, -1, +1, +1, -1, +1, +1, +1, -1, -1, -1, -1, +1, +1, +1, -1, +1, +1, -1, +1, -1, -1, -1, -1, +1, -1, -1, -1, +1, -1, -1, -1, +1, -1, -1, -1 ],
            [-1, -1, -1, +1, +1, -1, -1, +1, -1, -1, +1, +1, +1, +1, -1, -1, +1, -1, -1, +1, +1, -1, -1, -1, -1, +1, -1, +1, -1, +1, +1, +1, -1, +1, -1, +1, -1, -1, -1, -1, +1, +1, -1, -1, +1, -1, -1, +1, +1, +1, +1, -1, -1, +1, -1, -1, +1, +1, -1, -1, -1, -1, +1, -1, +1, -1, +1, +1, +1, -1, +1, -1, +1, -1, +1, +1, -1, +1, -1, -1, +1, -1, -1, -1, +1, +1, +1, +1, -1, -1, -1, +1, -1, -1, +1, -1, +1, +1, +1, +1, -1, +1, +1, +1, +1, +1, +1, +1, -1, +1, +1, -1, -1, +1, -1, +1, +1, -1, +1, +1, +1, -1, -1, -1, -1, +1, +1, +1, -1, +1, +1, -1, +1, -1, -1, -1, -1, +1, -1, -1, -1, +1, -1, -1, -1, +1, -1, -1 ],
            [-1, -1, -1, -1, +1, +1, -1, -1, +1, -1, -1, +1, +1, +1, +1, -1, -1, +1, -1, -1, +1, +1, -1, -1, -1, -1, +1, -1, +1, -1, +1, +1, +1, -1, +1, -1, +1, -1, -1, -1, -1, +1, +1, -1, -1, +1, -1, -1, +1, +1, +1, +1, -1, -1, +1, -1, -1, +1, +1, -1, -1, -1, -1, +1, -1, +1, -1, +1, +1, +1, -1, +1, -1, +1, +1, +1, +1, -1, +1, -1, -1, +1, -1, -1, -1, +1, +1, +1, +1, -1, -1, -1, +1, -1, -1, +1, -1, +1, +1, +1, +1, -1, +1, +1, +1, +1, +1, +1, +1, -1, +1, -1, -1, -1, +1, -1, +1, +1, -1, +1, +1, +1, -1, -1, -1, -1, +1, +1, +1, -1, +1, +1, -1, +1, -1, -1, -1, -1, +1, -1, -1, -1, +1, -1, -1, -1, +1, -1 ],
            [+1, -1, -1, -1, -1, +1, +1, -1, -1, +1, -1, -1, +1, +1, +1, +1, -1, -1, +1, -1, -1, +1, +1, -1, -1, -1, -1, +1, -1, +1, -1, +1, +1, +1, -1, +1, -1, +1, -1, -1, -1, -1, +1, +1, -1, -1, +1, -1, -1, +1, +1, +1, +1, -1, -1, +1, -1, -1, +1, +1, -1, -1, -1, -1, +1, -1, +1, -1, +1, +1, +1, -1, +1, -1, +1, +1, +1, +1, -1, +1, -1, -1, +1, -1, -1, -1, +1, +1, +1, +1, -1, -1, -1, +1, -1, -1, +1, -1, +1, +1, +1, +1, -1, +1, +1, +1, +1, +1, +1, +1, -1, -1, -1, -1, -1, +1, -1, +1, +1, -1, +1, +1, +1, -1, -1, -1, -1, +1, +1, +1, -1, +1, +1, -1, +1, -1, -1, -1, -1, +1, -1, -1, -1, +1, -1, -1, -1, +1 ],
            [-1, +1, -1, -1, -1, -1, +1, +1, -1, -1, +1, -1, -1, +1, +1, +1, +1, -1, -1, +1, -1, -1, +1, +1, -1, -1, -1, -1, +1, -1, +1, -1, +1, +1, +1, -1, +1, -1, +1, -1, -1, -1, -1, +1, +1, -1, -1, +1, -1, -1, +1, +1, +1, +1, -1, -1, +1, -1, -1, +1, +1, -1, -1, -1, -1, +1, -1, +1, -1, +1, +1, +1, -1, +1, -1, +1, +1, +1, +1, -1, +1, -1, -1, +1, -1, -1, -1, +1, +1, +1, +1, -1, -1, -1, +1, -1, -1, +1, -1, +1, +1, +1, +1, -1, +1, +1, +1, +1, +1, +1, +1, +1, -1, -1, -1, -1, +1, -1, +1, +1, -1, +1, +1, +1, -1, -1, -1, -1, +1, +1, +1, -1, +1, +1, -1, +1, -1, -1, -1, -1, +1, -1, -1, -1, +1, -1, -1, -1 ],
            [+1, -1, +1, -1, -1, -1, -1, +1, +1, -1, -1, +1, -1, -1, +1, +1, +1, +1, -1, -1, +1, -1, -1, +1, +1, -1, -1, -1, -1, +1, -1, +1, -1, +1, +1, +1, -1, +1, -1, +1, -1, -1, -1, -1, +1, +1, -1, -1, +1, -1, -1, +1, +1, +1, +1, -1, -1, +1, -1, -1, +1, +1, -1, -1, -1, -1, +1, -1, +1, -1, +1, +1, +1, -1, +1, -1, +1, +1, +1, +1, -1, +1, -1, -1, +1, -1, -1, -1, +1, +1, +1, +1, -1, -1, -1, +1, -1, -1, +1, -1, +1, +1, +1, +1, -1, +1, +1, +1, +1, +1, +1, -1, +1, -1, -1, -1, -1, +1, -1, +1, +1, -1, +1, +1, +1, -1, -1, -1, -1, +1, +1, +1, -1, +1, +1, -1, +1, -1, -1, -1, -1, +1, -1, -1, -1, +1, -1, -1 ],
            [-1, +1, -1, +1, -1, -1, -1, -1, +1, +1, -1, -1, +1, -1, -1, +1, +1, +1, +1, -1, -1, +1, -1, -1, +1, +1, -1, -1, -1, -1, +1, -1, +1, -1, +1, +1, +1, -1, +1, -1, +1, -1, -1, -1, -1, +1, +1, -1, -1, +1, -1, -1, +1, +1, +1, +1, -1, -1, +1, -1, -1, +1, +1, -1, -1, -1, -1, +1, -1, +1, -1, +1, +1, +1, +1, +1, -1, +1, +1, +1, +1, -1, +1, -1, -1, +1, -1, -1, -1, +1, +1, +1, +1, -1, -1, -1, +1, -1, -1, +1, -1, +1, +1, +1, +1, -1, +1, +1, +1, +1, +1, -1, -1, +1, -1, -1, -1, -1, +1, -1, +1, +1, -1, +1, +1, +1, -1, -1, -1, -1, +1, +1, +1, -1, +1, +1, -1, +1, -1, -1, -1, -1, +1, -1, -1, -1, +1, -1 ],
            [+1, -1, +1, -1, +1, -1, -1, -1, -1, +1, +1, -1, -1, +1, -1, -1, +1, +1, +1, +1, -1, -1, +1, -1, -1, +1, +1, -1, -1, -1, -1, +1, -1, +1, -1, +1, +1, +1, -1, +1, -1, +1, -1, -1, -1, -1, +1, +1, -1, -1, +1, -1, -1, +1, +1, +1, +1, -1, -1, +1, -1, -1, +1, +1, -1, -1, -1, -1, +1, -1, +1, -1, +1, +1, +1, +1, +1, -1, +1, +1, +1, +1, -1, +1, -1, -1, +1, -1, -1, -1, +1, +1, +1, +1, -1, -1, -1, +1, -1, -1, +1, -1, +1, +1, +1, +1, -1, +1, +1, +1, +1, -1, -1, -1, +1, -1, -1, -1, -1, +1, -1, +1, +1, -1, +1, +1, +1, -1, -1, -1, -1, +1, +1, +1, -1, +1, +1, -1, +1, -1, -1, -1, -1, +1, -1, -1, -1, +1 ],
            [-1, -1, +1, -1, +1, -1, +1, +1, +1, +1, -1, -1, +1, +1, -1, +1, +1, -1, -1, -1, -1, +1, +1, -1, +1, +1, -1, -1, +1, +1, +1, +1, -1, +1, -1, +1, -1, +1, +1, -1, +1, -1, +1, -1, -1, -1, -1, +1, +1, -1, -1, +1, -1, -1, +1, +1, +1, +1, -1, -1, +1, -1, -1, +1, +1, -1, -1, -1, -1, +1, -1, +1, -1, +1, -1, +1, +1, +1, -1, +1, +1, +1, +1, -1, +1, -1, -1, +1, -1, -1, -1, +1, +1, +1, +1, -1, -1, -1, +1, -1, -1, +1, -1, +1, +1, +1, +1, -1, +1, +1, +1, +1, +1, +1, +1, -1, +1, +1, +1, +1, -1, +1, -1, -1, +1, -1, -1, -1, +1, +1, +1, +1, -1, -1, -1, +1, -1, -1, +1, -1, +1, +1, +1, +1, -1, +1, +1, +1 ],
            [-1, -1, -1, +1, -1, +1, -1, +1, +1, +1, +1, -1, -1, +1, +1, -1, +1, +1, -1, -1, -1, -1, +1, +1, -1, +1, +1, -1, -1, +1, +1, +1, +1, -1, +1, -1, +1, +1, +1, +1, -1, +1, -1, +1, -1, -1, -1, -1, +1, +1, -1, -1, +1, -1, -1, +1, +1, +1, +1, -1, -1, +1, -1, -1, +1, +1, -1, -1, -1, -1, +1, -1, +1, -1, +1, -1, +1, +1, +1, -1, +1, +1, +1, +1, -1, +1, -1, -1, +1, -1, -1, -1, +1, +1, +1, +1, -1, -1, -1, +1, -1, -1, +1, -1, +1, +1, +1, +1, -1, +1, +1, +1, +1, +1, +1, +1, -1, +1, +1, +1, +1, -1, +1, -1, -1, +1, -1, -1, -1, +1, +1, +1, +1, -1, -1, -1, +1, -1, -1, +1, -1, +1, +1, +1, +1, -1, +1, +1 ],
            [+1, -1, -1, -1, +1, -1, +1, -1, +1, +1, +1, +1, -1, -1, +1, +1, -1, +1, +1, -1, -1, -1, -1, +1, +1, -1, +1, +1, -1, -1, +1, +1, +1, +1, -1, +1, -1, -1, +1, +1, +1, -1, +1, -1, +1, -1, -1, -1, -1, +1, +1, -1, -1, +1, -1, -1, +1, +1, +1, +1, -1, -1, +1, -1, -1, +1, +1, -1, -1, -1, -1, +1, -1, +1, +1, +1, -1, +1, +1, +1, -1, +1, +1, +1, +1, -1, +1, -1, -1, +1, -1, -1, -1, +1, +1, +1, +1, -1, -1, -1, +1, -1, -1, +1, -1, +1, +1, +1, +1, -1, +1, +1, +1, +1, +1, +1, +1, -1, +1, +1, +1, +1, -1, +1, -1, -1, +1, -1, -1, -1, +1, +1, +1, +1, -1, -1, -1, +1, -1, -1, +1, -1, +1, +1, +1, +1, -1, +1 ],
            [-1, +1, -1, -1, -1, +1, -1, +1, -1, +1, +1, +1, +1, -1, -1, +1, +1, -1, +1, +1, -1, -1, -1, -1, +1, +1, -1, +1, +1, -1, -1, +1, +1, +1, +1, -1, +1, +1, -1, +1, +1, +1, -1, +1, -1, +1, -1, -1, -1, -1, +1, +1, -1, -1, +1, -1, -1, +1, +1, +1, +1, -1, -1, +1, -1, -1, +1, +1, -1, -1, -1, -1, +1, -1, +1, +1, +1, -1, +1, +1, +1, -1, +1, +1, +1, +1, -1, +1, -1, -1, +1, -1, -1, -1, +1, +1, +1, +1, -1, -1, -1, +1, -1, -1, +1, -1, +1, +1, +1, +1, -1, +1, +1, +1, +1, +1, +1, +1, -1, +1, +1, +1, +1, -1, +1, -1, -1, +1, -1, -1, -1, +1, +1, +1, +1, -1, -1, -1, +1, -1, -1, +1, -1, +1, +1, +1, +1, -1 ],
            [+1, -1, +1, -1, -1, -1, +1, -1, +1, -1, +1, +1, +1, +1, -1, -1, +1, +1, -1, +1, +1, -1, -1, -1, -1, +1, +1, -1, +1, +1, -1, -1, +1, +1, +1, +1, -1, -1, +1, -1, +1, +1, +1, -1, +1, -1, +1, -1, -1, -1, -1, +1, +1, -1, -1, +1, -1, -1, +1, +1, +1, +1, -1, -1, +1, -1, -1, +1, +1, -1, -1, -1, -1, +1, -1, +1, +1, +1, -1, +1, +1, +1, -1, +1, +1, +1, +1, -1, +1, -1, -1, +1, -1, -1, -1, +1, +1, +1, +1, -1, -1, -1, +1, -1, -1, +1, -1, +1, +1, +1, +1, -1, +1, +1, +1, +1, +1, +1, +1, -1, +1, +1, +1, +1, -1, +1, -1, -1, +1, -1, -1, -1, +1, +1, +1, +1, -1, -1, -1, +1, -1, -1, +1, -1, +1, +1, +1, +1 ],
            [-1, +1, -1, +1, -1, -1, -1, +1, -1, +1, -1, +1, +1, +1, +1, -1, -1, +1, +1, -1, +1, +1, -1, -1, -1, -1, +1, +1, -1, +1, +1, -1, -1, +1, +1, +1, +1, +1, -1, +1, -1, +1, +1, +1, -1, +1, -1, +1, -1, -1, -1, -1, +1, +1, -1, -1, +1, -1, -1, +1, +1, +1, +1, -1, -1, +1, -1, -1, +1, +1, -1, -1, -1, -1, +1, -1, +1, +1, +1, -1, +1, +1, +1, -1, +1, +1, +1, +1, -1, +1, -1, -1, +1, -1, -1, -1, +1, +1, +1, +1, -1, -1, -1, +1, -1, -1, +1, -1, +1, +1, +1, +1, -1, +1, +1, +1, +1, +1, +1, +1, -1, +1, +1, +1, +1, -1, +1, -1, -1, +1, -1, -1, -1, +1, +1, +1, +1, -1, -1, -1, +1, -1, -1, +1, -1, +1, +1, +1 ],
            [+1, -1, +1, -1, +1, -1, -1, -1, +1, -1, +1, -1, +1, +1, +1, +1, -1, -1, +1, +1, -1, +1, +1, -1, -1, -1, -1, +1, +1, -1, +1, +1, -1, -1, +1, +1, +1, -1, +1, -1, +1, -1, +1, +1, +1, -1, +1, -1, +1, -1, -1, -1, -1, +1, +1, -1, -1, +1, -1, -1, +1, +1, +1, +1, -1, -1, +1, -1, -1, +1, +1, -1, -1, -1, +1, +1, -1, +1, +1, +1, -1, +1, +1, +1, -1, +1, +1, +1, +1, -1, +1, -1, -1, +1, -1, -1, -1, +1, +1, +1, +1, -1, -1, -1, +1, -1, -1, +1, -1, +1, +1, +1, +1, -1, +1, +1, +1, +1, +1, +1, +1, -1, +1, +1, +1, +1, -1, +1, -1, -1, +1, -1, -1, -1, +1, +1, +1, +1, -1, -1, -1, +1, -1, -1, +1, -1, +1, +1 ],
            [+1, +1, -1, +1, -1, +1, -1, -1, -1, +1, -1, +1, -1, +1, +1, +1, +1, -1, -1, +1, +1, -1, +1, +1, -1, -1, -1, -1, +1, +1, -1, +1, +1, -1, -1, +1, +1, -1, -1, +1, -1, +1, -1, +1, +1, +1, -1, +1, -1, +1, -1, -1, -1, -1, +1, +1, -1, -1, +1, -1, -1, +1, +1, +1, +1, -1, -1, +1, -1, -1, +1, +1, -1, -1, +1, +1, +1, -1, +1, +1, +1, -1, +1, +1, +1, -1, +1, +1, +1, +1, -1, +1, -1, -1, +1, -1, -1, -1, +1, +1, +1, +1, -1, -1, -1, +1, -1, -1, +1, -1, +1, +1, +1, +1, -1, +1, +1, +1, +1, +1, +1, +1, -1, +1, +1, +1, +1, -1, +1, -1, -1, +1, -1, -1, -1, +1, +1, +1, +1, -1, -1, -1, +1, -1, -1, +1, -1, +1 ],
            [+1, +1, +1, -1, +1, -1, +1, -1, -1, -1, +1, -1, +1, -1, +1, +1, +1, +1, -1, -1, +1, +1, -1, +1, +1, -1, -1, -1, -1, +1, +1, -1, +1, +1, -1, -1, +1, -1, -1, -1, +1, -1, +1, -1, +1, +1, +1, -1, +1, -1, +1, -1, -1, -1, -1, +1, +1, -1, -1, +1, -1, -1, +1, +1, +1, +1, -1, -1, +1, -1, -1, +1, +1, -1, +1, +1, +1, +1, -1, +1, +1, +1, -1, +1, +1, +1, -1, +1, +1, +1, +1, -1, +1, -1, -1, +1, -1, -1, -1, +1, +1, +1, +1, -1, -1, -1, +1, -1, -1, +1, -1, +1, +1, +1, +1, -1, +1, +1, +1, +1, +1, +1, +1, -1, +1, +1, +1, +1, -1, +1, -1, -1, +1, -1, -1, -1, +1, +1, +1, +1, -1, -1, -1, +1, -1, -1, +1, -1 ],
            [+1, +1, +1, +1, -1, +1, -1, +1, -1, -1, -1, +1, -1, +1, -1, +1, +1, +1, +1, -1, -1, +1, +1, -1, +1, +1, -1, -1, -1, -1, +1, +1, -1, +1, +1, -1, -1, -1, -1, -1, -1, +1, -1, +1, -1, +1, +1, +1, -1, +1, -1, +1, -1, -1, -1, -1, +1, +1, -1, -1, +1, -1, -1, +1, +1, +1, +1, -1, -1, +1, -1, -1, +1, +1, -1, +1, +1, +1, +1, -1, +1, +1, +1, -1, +1, +1, +1, -1, +1, +1, +1, +1, -1, +1, -1, -1, +1, -1, -1, -1, +1, +1, +1, +1, -1, -1, -1, +1, -1, -1, +1, -1, +1, +1, +1, +1, -1, +1, +1, +1, +1, +1, +1, +1, -1, +1, +1, +1, +1, -1, +1, -1, -1, +1, -1, -1, -1, +1, +1, +1, +1, -1, -1, -1, +1, -1, -1, +1 ],
            [-1, +1, +1, +1, +1, -1, +1, -1, +1, -1, -1, -1, +1, -1, +1, -1, +1, +1, +1, +1, -1, -1, +1, +1, -1, +1, +1, -1, -1, -1, -1, +1, +1, -1, +1, +1, -1, +1, -1, -1, -1, -1, +1, -1, +1, -1, +1, +1, +1, -1, +1, -1, +1, -1, -1, -1, -1, +1, +1, -1, -1, +1, -1, -1, +1, +1, +1, +1, -1, -1, +1, -1, -1, +1, +1, -1, +1, +1, +1, +1, -1, +1, +1, +1, -1, +1, +1, +1, -1, +1, +1, +1, +1, -1, +1, -1, -1, +1, -1, -1, -1, +1, +1, +1, +1, -1, -1, -1, +1, -1, -1, +1, -1, +1, +1, +1, +1, -1, +1, +1, +1, +1, +1, +1, +1, -1, +1, +1, +1, +1, -1, +1, -1, -1, +1, -1, -1, -1, +1, +1, +1, +1, -1, -1, -1, +1, -1, -1 ],
            [-1, -1, +1, +1, +1, +1, -1, +1, -1, +1, -1, -1, -1, +1, -1, +1, -1, +1, +1, +1, +1, -1, -1, +1, +1, -1, +1, +1, -1, -1, -1, -1, +1, +1, -1, +1, +1, +1, +1, -1, -1, -1, -1, +1, -1, +1, -1, +1, +1, +1, -1, +1, -1, +1, -1, -1, -1, -1, +1, +1, -1, -1, +1, -1, -1, +1, +1, +1, +1, -1, -1, +1, -1, -1, -1, +1, -1, +1, +1, +1, +1, -1, +1, +1, +1, -1, +1, +1, +1, -1, +1, +1, +1, +1, -1, +1, -1, -1, +1, -1, -1, -1, +1, +1, +1, +1, -1, -1, -1, +1, -1, -1, +1, -1, +1, +1, +1, +1, -1, +1, +1, +1, +1, +1, +1, +1, -1, +1, +1, +1, +1, -1, +1, -1, -1, +1, -1, -1, -1, +1, +1, +1, +1, -1, -1, -1, +1, -1 ],
            [+1, -1, -1, +1, +1, +1, +1, -1, +1, -1, +1, -1, -1, -1, +1, -1, +1, -1, +1, +1, +1, +1, -1, -1, +1, +1, -1, +1, +1, -1, -1, -1, -1, +1, +1, -1, +1, -1, +1, +1, -1, -1, -1, -1, +1, -1, +1, -1, +1, +1, +1, -1, +1, -1, +1, -1, -1, -1, -1, +1, +1, -1, -1, +1, -1, -1, +1, +1, +1, +1, -1, -1, +1, -1, -1, -1, +1, -1, +1, +1, +1, +1, -1, +1, +1, +1, -1, +1, +1, +1, -1, +1, +1, +1, +1, -1, +1, -1, -1, +1, -1, -1, -1, +1, +1, +1, +1, -1, -1, -1, +1, -1, -1, +1, -1, +1, +1, +1, +1, -1, +1, +1, +1, +1, +1, +1, +1, -1, +1, +1, +1, +1, -1, +1, -1, -1, +1, -1, -1, -1, +1, +1, +1, +1, -1, -1, -1, +1 ],
            [+1, +1, -1, -1, +1, +1, +1, +1, -1, +1, -1, +1, -1, -1, -1, +1, -1, +1, -1, +1, +1, +1, +1, -1, -1, +1, +1, -1, +1, +1, -1, -1, -1, -1, +1, +1, -1, -1, -1, +1, +1, -1, -1, -1, -1, +1, -1, +1, -1, +1, +1, +1, -1, +1, -1, +1, -1, -1, -1, -1, +1, +1, -1, -1, +1, -1, -1, +1, +1, +1, +1, -1, -1, +1, +1, -1, -1, +1, -1, +1, +1, +1, +1, -1, +1, +1, +1, -1, +1, +1, +1, -1, +1, +1, +1, +1, -1, +1, -1, -1, +1, -1, -1, -1, +1, +1, +1, +1, -1, -1, -1, +1, -1, -1, +1, -1, +1, +1, +1, +1, -1, +1, +1, +1, +1, +1, +1, +1, -1, +1, +1, +1, +1, -1, +1, -1, -1, +1, -1, -1, -1, +1, +1, +1, +1, -1, -1, -1 ],
            [-1, +1, +1, -1, -1, +1, +1, +1, +1, -1, +1, -1, +1, -1, -1, -1, +1, -1, +1, -1, +1, +1, +1, +1, -1, -1, +1, +1, -1, +1, +1, -1, -1, -1, -1, +1, +1, +1, -1, -1, +1, +1, -1, -1, -1, -1, +1, -1, +1, -1, +1, +1, +1, -1, +1, -1, +1, -1, -1, -1, -1, +1, +1, -1, -1, +1, -1, -1, +1, +1, +1, +1, -1, -1, -1, +1, -1, -1, +1, -1, +1, +1, +1, +1, -1, +1, +1, +1, -1, +1, +1, +1, -1, +1, +1, +1, +1, -1, +1, -1, -1, +1, -1, -1, -1, +1, +1, +1, +1, -1, -1, -1, +1, -1, -1, +1, -1, +1, +1, +1, +1, -1, +1, +1, +1, +1, +1, +1, +1, -1, +1, +1, +1, +1, -1, +1, -1, -1, +1, -1, -1, -1, +1, +1, +1, +1, -1, -1 ],
            [+1, -1, +1, +1, -1, -1, +1, +1, +1, +1, -1, +1, -1, +1, -1, -1, -1, +1, -1, +1, -1, +1, +1, +1, +1, -1, -1, +1, +1, -1, +1, +1, -1, -1, -1, -1, +1, -1, +1, -1, -1, +1, +1, -1, -1, -1, -1, +1, -1, +1, -1, +1, +1, +1, -1, +1, -1, +1, -1, -1, -1, -1, +1, +1, -1, -1, +1, -1, -1, +1, +1, +1, +1, -1, -1, -1, +1, -1, -1, +1, -1, +1, +1, +1, +1, -1, +1, +1, +1, -1, +1, +1, +1, -1, +1, +1, +1, +1, -1, +1, -1, -1, +1, -1, -1, -1, +1, +1, +1, +1, -1, -1, -1, +1, -1, -1, +1, -1, +1, +1, +1, +1, -1, +1, +1, +1, +1, +1, +1, +1, -1, +1, +1, +1, +1, -1, +1, -1, -1, +1, -1, -1, -1, +1, +1, +1, +1, -1 ],
            [+1, +1, -1, +1, +1, -1, -1, +1, +1, +1, +1, -1, +1, -1, +1, -1, -1, -1, +1, -1, +1, -1, +1, +1, +1, +1, -1, -1, +1, +1, -1, +1, +1, -1, -1, -1, -1, -1, -1, +1, -1, -1, +1, +1, -1, -1, -1, -1, +1, -1, +1, -1, +1, +1, +1, -1, +1, -1, +1, -1, -1, -1, -1, +1, +1, -1, -1, +1, -1, -1, +1, +1, +1, +1, -1, -1, -1, +1, -1, -1, +1, -1, +1, +1, +1, +1, -1, +1, +1, +1, -1, +1, +1, +1, -1, +1, +1, +1, +1, -1, +1, -1, -1, +1, -1, -1, -1, +1, +1, +1, +1, -1, -1, -1, +1, -1, -1, +1, -1, +1, +1, +1, +1, -1, +1, +1, +1, +1, +1, +1, +1, -1, +1, +1, +1, +1, -1, +1, -1, -1, +1, -1, -1, -1, +1, +1, +1, +1 ],
            [-1, +1, +1, -1, +1, +1, -1, -1, +1, +1, +1, +1, -1, +1, -1, +1, -1, -1, -1, +1, -1, +1, -1, +1, +1, +1, +1, -1, -1, +1, +1, -1, +1, +1, -1, -1, -1, +1, -1, -1, +1, -1, -1, +1, +1, -1, -1, -1, -1, +1, -1, +1, -1, +1, +1, +1, -1, +1, -1, +1, -1, -1, -1, -1, +1, +1, -1, -1, +1, -1, -1, +1, +1, +1, +1, -1, -1, -1, +1, -1, -1, +1, -1, +1, +1, +1, +1, -1, +1, +1, +1, -1, +1, +1, +1, -1, +1, +1, +1, +1, -1, +1, -1, -1, +1, -1, -1, -1, +1, +1, +1, +1, -1, -1, -1, +1, -1, -1, +1, -1, +1, +1, +1, +1, -1, +1, +1, +1, +1, +1, +1, +1, -1, +1, +1, +1, +1, -1, +1, -1, -1, +1, -1, -1, -1, +1, +1, +1 ],
            [-1, -1, +1, +1, -1, +1, +1, -1, -1, +1, +1, +1, +1, -1, +1, -1, +1, -1, -1, -1, +1, -1, +1, -1, +1, +1, +1, +1, -1, -1, +1, +1, -1, +1, +1, -1, -1, +1, +1, -1, -1, +1, -1, -1, +1, +1, -1, -1, -1, -1, +1, -1, +1, -1, +1, +1, +1, -1, +1, -1, +1, -1, -1, -1, -1, +1, +1, -1, -1, +1, -1, -1, +1, +1, +1, +1, -1, -1, -1, +1, -1, -1, +1, -1, +1, +1, +1, +1, -1, +1, +1, +1, -1, +1, +1, +1, -1, +1, +1, +1, +1, -1, +1, -1, -1, +1, -1, -1, -1, +1, +1, +1, +1, -1, -1, -1, +1, -1, -1, +1, -1, +1, +1, +1, +1, -1, +1, +1, +1, +1, +1, +1, +1, -1, +1, +1, +1, +1, -1, +1, -1, -1, +1, -1, -1, -1, +1, +1 ],
            [-1, -1, -1, +1, +1, -1, +1, +1, -1, -1, +1, +1, +1, +1, -1, +1, -1, +1, -1, -1, -1, +1, -1, +1, -1, +1, +1, +1, +1, -1, -1, +1, +1, -1, +1, +1, -1, +1, +1, +1, -1, -1, +1, -1, -1, +1, +1, -1, -1, -1, -1, +1, -1, +1, -1, +1, +1, +1, -1, +1, -1, +1, -1, -1, -1, -1, +1, +1, -1, -1, +1, -1, -1, +1, +1, +1, +1, -1, -1, -1, +1, -1, -1, +1, -1, +1, +1, +1, +1, -1, +1, +1, +1, -1, +1, +1, +1, -1, +1, +1, +1, +1, -1, +1, -1, -1, +1, -1, -1, -1, +1, +1, +1, +1, -1, -1, -1, +1, -1, -1, +1, -1, +1, +1, +1, +1, -1, +1, +1, +1, +1, +1, +1, +1, -1, +1, +1, +1, +1, -1, +1, -1, -1, +1, -1, -1, -1, +1 ],
            [-1, -1, -1, -1, +1, +1, -1, +1, +1, -1, -1, +1, +1, +1, +1, -1, +1, -1, +1, -1, -1, -1, +1, -1, +1, -1, +1, +1, +1, +1, -1, -1, +1, +1, -1, +1, +1, +1, +1, +1, +1, -1, -1, +1, -1, -1, +1, +1, -1, -1, -1, -1, +1, -1, +1, -1, +1, +1, +1, -1, +1, -1, +1, -1, -1, -1, -1, +1, +1, -1, -1, +1, -1, -1, +1, +1, +1, +1, -1, -1, -1, +1, -1, -1, +1, -1, +1, +1, +1, +1, -1, +1, +1, +1, -1, +1, +1, +1, -1, +1, +1, +1, +1, -1, +1, -1, -1, +1, -1, -1, -1, +1, +1, +1, +1, -1, -1, -1, +1, -1, -1, +1, -1, +1, +1, +1, +1, -1, +1, +1, +1, +1, +1, +1, +1, -1, +1, +1, +1, +1, -1, +1, -1, -1, +1, -1, -1, -1 ],
            [+1, -1, -1, -1, -1, +1, +1, -1, +1, +1, -1, -1, +1, +1, +1, +1, -1, +1, -1, +1, -1, -1, -1, +1, -1, +1, -1, +1, +1, +1, +1, -1, -1, +1, +1, -1, +1, -1, +1, +1, +1, +1, -1, -1, +1, -1, -1, +1, +1, -1, -1, -1, -1, +1, -1, +1, -1, +1, +1, +1, -1, +1, -1, +1, -1, -1, -1, -1, +1, +1, -1, -1, +1, -1, -1, +1, +1, +1, +1, -1, -1, -1, +1, -1, -1, +1, -1, +1, +1, +1, +1, -1, +1, +1, +1, -1, +1, +1, +1, -1, +1, +1, +1, +1, -1, +1, -1, -1, +1, -1, -1, -1, +1, +1, +1, +1, -1, -1, -1, +1, -1, -1, +1, -1, +1, +1, +1, +1, -1, +1, +1, +1, +1, +1, +1, +1, -1, +1, +1, +1, +1, -1, +1, -1, -1, +1, -1, -1 ],
            [+1, +1, -1, -1, -1, -1, +1, +1, -1, +1, +1, -1, -1, +1, +1, +1, +1, -1, +1, -1, +1, -1, -1, -1, +1, -1, +1, -1, +1, +1, +1, +1, -1, -1, +1, +1, -1, -1, -1, +1, +1, +1, +1, -1, -1, +1, -1, -1, +1, +1, -1, -1, -1, -1, +1, -1, +1, -1, +1, +1, +1, -1, +1, -1, +1, -1, -1, -1, -1, +1, +1, -1, -1, +1, -1, -1, +1, +1, +1, +1, -1, -1, -1, +1, -1, -1, +1, -1, +1, +1, +1, +1, -1, +1, +1, +1, -1, +1, +1, +1, -1, +1, +1, +1, +1, -1, +1, -1, -1, +1, -1, -1, -1, +1, +1, +1, +1, -1, -1, -1, +1, -1, -1, +1, -1, +1, +1, +1, +1, -1, +1, +1, +1, +1, +1, +1, +1, -1, +1, +1, +1, +1, -1, +1, -1, -1, +1, -1 ],
            [-1, +1, +1, -1, -1, -1, -1, +1, +1, -1, +1, +1, -1, -1, +1, +1, +1, +1, -1, +1, -1, +1, -1, -1, -1, +1, -1, +1, -1, +1, +1, +1, +1, -1, -1, +1, +1, +1, -1, -1, +1, +1, +1, +1, -1, -1, +1, -1, -1, +1, +1, -1, -1, -1, -1, +1, -1, +1, -1, +1, +1, +1, -1, +1, -1, +1, -1, -1, -1, -1, +1, +1, -1, -1, -1, -1, -1, +1, +1, +1, +1, -1, -1, -1, +1, -1, -1, +1, -1, +1, +1, +1, +1, -1, +1, +1, +1, -1, +1, +1, +1, -1, +1, +1, +1, +1, -1, +1, -1, -1, +1, -1, -1, -1, +1, +1, +1, +1, -1, -1, -1, +1, -1, -1, +1, -1, +1, +1, +1, +1, -1, +1, +1, +1, +1, +1, +1, +1, -1, +1, +1, +1, +1, -1, +1, -1, -1, +1 ],
            [+1, -1, +1, +1, -1, -1, -1, -1, +1, +1, -1, +1, +1, -1, -1, +1, +1, +1, +1, -1, +1, -1, +1, -1, -1, -1, +1, -1, +1, -1, +1, +1, +1, +1, -1, -1, +1, -1, +1, -1, -1, +1, +1, +1, +1, -1, -1, +1, -1, -1, +1, +1, -1, -1, -1, -1, +1, -1, +1, -1, +1, +1, +1, -1, +1, -1, +1, -1, -1, -1, -1, +1, +1, -1, +1, -1, -1, -1, +1, +1, +1, +1, -1, -1, -1, +1, -1, -1, +1, -1, +1, +1, +1, +1, -1, +1, +1, +1, -1, +1, +1, +1, -1, +1, +1, +1, +1, -1, +1, -1, -1, +1, -1, -1, -1, +1, +1, +1, +1, -1, -1, -1, +1, -1, -1, +1, -1, +1, +1, +1, +1, -1, +1, +1, +1, +1, +1, +1, +1, -1, +1, +1, +1, +1, -1, +1, -1, -1 ],
            [+1, +1, -1, +1, +1, -1, -1, -1, -1, +1, +1, -1, +1, +1, -1, -1, +1, +1, +1, +1, -1, +1, -1, +1, -1, -1, -1, +1, -1, +1, -1, +1, +1, +1, +1, -1, -1, -1, -1, +1, -1, -1, +1, +1, +1, +1, -1, -1, +1, -1, -1, +1, +1, -1, -1, -1, -1, +1, -1, +1, -1, +1, +1, +1, -1, +1, -1, +1, -1, -1, -1, -1, +1, +1, -1, +1, -1, -1, -1, +1, +1, +1, +1, -1, -1, -1, +1, -1, -1, +1, -1, +1, +1, +1, +1, -1, +1, +1, +1, -1, +1, +1, +1, -1, +1, +1, +1, +1, -1, +1, -1, -1, +1, -1, -1, -1, +1, +1, +1, +1, -1, -1, -1, +1, -1, -1, +1, -1, +1, +1, +1, +1, -1, +1, +1, +1, +1, +1, +1, +1, -1, +1, +1, +1, +1, -1, +1, -1 ],
            [-1, +1, +1, -1, +1, +1, -1, -1, -1, -1, +1, +1, -1, +1, +1, -1, -1, +1, +1, +1, +1, -1, +1, -1, +1, -1, -1, -1, +1, -1, +1, -1, +1, +1, +1, +1, -1, +1, -1, -1, +1, -1, -1, +1, +1, +1, +1, -1, -1, +1, -1, -1, +1, +1, -1, -1, -1, -1, +1, -1, +1, -1, +1, +1, +1, -1, +1, -1, +1, -1, -1, -1, -1, +1, -1, -1, +1, -1, -1, -1, +1, +1, +1, +1, -1, -1, -1, +1, -1, -1, +1, -1, +1, +1, +1, +1, -1, +1, +1, +1, -1, +1, +1, +1, -1, +1, +1, +1, +1, -1, +1, -1, -1, +1, -1, -1, -1, +1, +1, +1, +1, -1, -1, -1, +1, -1, -1, +1, -1, +1, +1, +1, +1, -1, +1, +1, +1, +1, +1, +1, +1, -1, +1, +1, +1, +1, -1, +1 ],
            [-1, -1, +1, +1, -1, +1, +1, -1, -1, -1, -1, +1, +1, -1, +1, +1, -1, -1, +1, +1, +1, +1, -1, +1, -1, +1, -1, -1, -1, +1, -1, +1, -1, +1, +1, +1, +1, +1, +1, -1, -1, +1, -1, -1, +1, +1, +1, +1, -1, -1, +1, -1, -1, +1, +1, -1, -1, -1, -1, +1, -1, +1, -1, +1, +1, +1, -1, +1, -1, +1, -1, -1, -1, -1, +1, -1, -1, +1, -1, -1, -1, +1, +1, +1, +1, -1, -1, -1, +1, -1, -1, +1, -1, +1, +1, +1, +1, -1, +1, +1, +1, -1, +1, +1, +1, -1, +1, +1, +1, +1, -1, +1, -1, -1, +1, -1, -1, -1, +1, +1, +1, +1, -1, -1, -1, +1, -1, -1, +1, -1, +1, +1, +1, +1, -1, +1, +1, +1, +1, +1, +1, +1, -1, +1, +1, +1, +1, -1 ],
            [+1, -1, -1, +1, +1, -1, +1, +1, -1, -1, -1, -1, +1, +1, -1, +1, +1, -1, -1, +1, +1, +1, +1, -1, +1, -1, +1, -1, -1, -1, +1, -1, +1, -1, +1, +1, +1, -1, +1, +1, -1, -1, +1, -1, -1, +1, +1, +1, +1, -1, -1, +1, -1, -1, +1, +1, -1, -1, -1, -1, +1, -1, +1, -1, +1, +1, +1, -1, +1, -1, +1, -1, -1, -1, -1, +1, -1, -1, +1, -1, -1, -1, +1, +1, +1, +1, -1, -1, -1, +1, -1, -1, +1, -1, +1, +1, +1, +1, -1, +1, +1, +1, -1, +1, +1, +1, -1, +1, +1, +1, +1, -1, +1, -1, -1, +1, -1, -1, -1, +1, +1, +1, +1, -1, -1, -1, +1, -1, -1, +1, -1, +1, +1, +1, +1, -1, +1, +1, +1, +1, +1, +1, +1, -1, +1, +1, +1, +1 ],
            [+1, +1, -1, -1, +1, +1, -1, +1, +1, -1, -1, -1, -1, +1, +1, -1, +1, +1, -1, -1, +1, +1, +1, +1, -1, +1, -1, +1, -1, -1, -1, +1, -1, +1, -1, +1, +1, -1, -1, +1, +1, -1, -1, +1, -1, -1, +1, +1, +1, +1, -1, -1, +1, -1, -1, +1, +1, -1, -1, -1, -1, +1, -1, +1, -1, +1, +1, +1, -1, +1, -1, +1, -1, -1, +1, -1, +1, -1, -1, +1, -1, -1, -1, +1, +1, +1, +1, -1, -1, -1, +1, -1, -1, +1, -1, +1, +1, +1, +1, -1, +1, +1, +1, -1, +1, +1, +1, -1, +1, +1, +1, +1, -1, +1, -1, -1, +1, -1, -1, -1, +1, +1, +1, +1, -1, -1, -1, +1, -1, -1, +1, -1, +1, +1, +1, +1, -1, +1, +1, +1, +1, +1, +1, +1, -1, +1, +1, +1 ],
            [+1, +1, +1, -1, -1, +1, +1, -1, +1, +1, -1, -1, -1, -1, +1, +1, -1, +1, +1, -1, -1, +1, +1, +1, +1, -1, +1, -1, +1, -1, -1, -1, +1, -1, +1, -1, +1, -1, -1, -1, +1, +1, -1, -1, +1, -1, -1, +1, +1, +1, +1, -1, -1, +1, -1, -1, +1, +1, -1, -1, -1, -1, +1, -1, +1, -1, +1, +1, +1, -1, +1, -1, +1, -1, +1, +1, -1, +1, -1, -1, +1, -1, -1, -1, +1, +1, +1, +1, -1, -1, -1, +1, -1, -1, +1, -1, +1, +1, +1, +1, -1, +1, +1, +1, -1, +1, +1, +1, -1, +1, +1, +1, +1, -1, +1, -1, -1, +1, -1, -1, -1, +1, +1, +1, +1, -1, -1, -1, +1, -1, -1, +1, -1, +1, +1, +1, +1, -1, +1, +1, +1, +1, +1, +1, +1, -1, +1, +1 ],
            [+1, +1, +1, +1, -1, -1, +1, +1, -1, +1, +1, -1, -1, -1, -1, +1, +1, -1, +1, +1, -1, -1, +1, +1, +1, +1, -1, +1, -1, +1, -1, -1, -1, +1, -1, +1, -1, -1, -1, -1, -1, +1, +1, -1, -1, +1, -1, -1, +1, +1, +1, +1, -1, -1, +1, -1, -1, +1, +1, -1, -1, -1, -1, +1, -1, +1, -1, +1, +1, +1, -1, +1, -1, +1, +1, +1, +1, -1, +1, -1, -1, +1, -1, -1, -1, +1, +1, +1, +1, -1, -1, -1, +1, -1, -1, +1, -1, +1, +1, +1, +1, -1, +1, +1, +1, -1, +1, +1, +1, -1, +1, +1, +1, +1, -1, +1, -1, -1, +1, -1, -1, -1, +1, +1, +1, +1, -1, -1, -1, +1, -1, -1, +1, -1, +1, +1, +1, +1, -1, +1, +1, +1, +1, +1, +1, +1, -1, +1 ],
            [-1, +1, +1, +1, +1, -1, -1, +1, +1, -1, +1, +1, -1, -1, -1, -1, +1, +1, -1, +1, +1, -1, -1, +1, +1, +1, +1, -1, +1, -1, +1, -1, -1, -1, +1, -1, +1, +1, -1, -1, -1, -1, +1, +1, -1, -1, +1, -1, -1, +1, +1, +1, +1, -1, -1, +1, -1, -1, +1, +1, -1, -1, -1, -1, +1, -1, +1, -1, +1, +1, +1, -1, +1, -1, +1, +1, +1, +1, -1, +1, -1, -1, +1, -1, -1, -1, +1, +1, +1, +1, -1, -1, -1, +1, -1, -1, +1, -1, +1, +1, +1, +1, -1, +1, +1, +1, -1, +1, +1, +1, -1, +1, +1, +1, +1, -1, +1, -1, -1, +1, -1, -1, -1, +1, +1, +1, +1, -1, -1, -1, +1, -1, -1, +1, -1, +1, +1, +1, +1, -1, +1, +1, +1, +1, +1, +1, +1, -1 ],
            [+1, -1, +1, +1, +1, +1, -1, -1, +1, +1, -1, +1, +1, -1, -1, -1, -1, +1, +1, -1, +1, +1, -1, -1, +1, +1, +1, +1, -1, +1, -1, +1, -1, -1, -1, +1, -1, -1, +1, -1, -1, -1, -1, +1, +1, -1, -1, +1, -1, -1, +1, +1, +1, +1, -1, -1, +1, -1, -1, +1, +1, -1, -1, -1, -1, +1, -1, +1, -1, +1, +1, +1, -1, +1, -1, +1, +1, +1, +1, -1, +1, -1, -1, +1, -1, -1, -1, +1, +1, +1, +1, -1, -1, -1, +1, -1, -1, +1, -1, +1, +1, +1, +1, -1, +1, +1, +1, -1, +1, +1, +1, -1, +1, +1, +1, +1, -1, +1, -1, -1, +1, -1, -1, -1, +1, +1, +1, +1, -1, -1, -1, +1, -1, -1, +1, -1, +1, +1, +1, +1, -1, +1, +1, +1, +1, +1, +1, +1 ],
            [-1, +1, -1, +1, +1, +1, +1, -1, -1, +1, +1, -1, +1, +1, -1, -1, -1, -1, +1, +1, -1, +1, +1, -1, -1, +1, +1, +1, +1, -1, +1, -1, +1, -1, -1, -1, +1, +1, -1, +1, -1, -1, -1, -1, +1, +1, -1, -1, +1, -1, -1, +1, +1, +1, +1, -1, -1, +1, -1, -1, +1, +1, -1, -1, -1, -1, +1, -1, +1, -1, +1, +1, +1, -1, +1, -1, +1, +1, +1, +1, -1, +1, -1, -1, +1, -1, -1, -1, +1, +1, +1, +1, -1, -1, -1, +1, -1, -1, +1, -1, +1, +1, +1, +1, -1, +1, +1, +1, -1, +1, +1, +1, -1, +1, +1, +1, +1, -1, +1, -1, -1, +1, -1, -1, -1, +1, +1, +1, +1, -1, -1, -1, +1, -1, -1, +1, -1, +1, +1, +1, +1, -1, +1, +1, +1, +1, +1, +1 ],
            [+1, -1, +1, -1, +1, +1, +1, +1, -1, -1, +1, +1, -1, +1, +1, -1, -1, -1, -1, +1, +1, -1, +1, +1, -1, -1, +1, +1, +1, +1, -1, +1, -1, +1, -1, -1, -1, -1, +1, -1, +1, -1, -1, -1, -1, +1, +1, -1, -1, +1, -1, -1, +1, +1, +1, +1, -1, -1, +1, -1, -1, +1, +1, -1, -1, -1, -1, +1, -1, +1, -1, +1, +1, +1, +1, +1, -1, +1, +1, +1, +1, -1, +1, -1, -1, +1, -1, -1, -1, +1, +1, +1, +1, -1, -1, -1, +1, -1, -1, +1, -1, +1, +1, +1, +1, -1, +1, +1, +1, -1, +1, +1, +1, -1, +1, +1, +1, +1, -1, +1, -1, -1, +1, -1, -1, -1, +1, +1, +1, +1, -1, -1, -1, +1, -1, -1, +1, -1, +1, +1, +1, +1, -1, +1, +1, +1, +1, +1 ],
            [-1, +1, -1, +1, -1, +1, +1, +1, +1, -1, -1, +1, +1, -1, +1, +1, -1, -1, -1, -1, +1, +1, -1, +1, +1, -1, -1, +1, +1, +1, +1, -1, +1, -1, +1, -1, -1, +1, -1, +1, -1, +1, -1, -1, -1, -1, +1, +1, -1, -1, +1, -1, -1, +1, +1, +1, +1, -1, -1, +1, -1, -1, +1, +1, -1, -1, -1, -1, +1, -1, +1, -1, +1, +1, +1, +1, +1, -1, +1, +1, +1, +1, -1, +1, -1, -1, +1, -1, -1, -1, +1, +1, +1, +1, -1, -1, -1, +1, -1, -1, +1, -1, +1, +1, +1, +1, -1, +1, +1, +1, -1, +1, +1, +1, -1, +1, +1, +1, +1, -1, +1, -1, -1, +1, -1, -1, -1, +1, +1, +1, +1, -1, -1, -1, +1, -1, -1, +1, -1, +1, +1, +1, +1, -1, +1, +1, +1, +1 ],
            [-1, -1, -1, -1, +1, -1, -1, -1, -1, +1, -1, +1, +1, -1, +1, +1, +1, -1, -1, -1, -1, +1, +1, +1, -1, +1, +1, -1, +1, -1, -1, -1, -1, +1, -1, -1, -1, +1, -1, -1, -1, +1, -1, -1, -1, -1, +1, -1, +1, +1, -1, +1, +1, +1, -1, -1, -1, -1, +1, +1, +1, -1, +1, +1, -1, +1, -1, -1, -1, -1, +1, -1, -1, -1, +1, +1, -1, +1, -1, +1, -1, -1, -1, -1, +1, +1, -1, -1, +1, -1, -1, +1, +1, +1, +1, -1, -1, +1, -1, -1, +1, +1, -1, -1, -1, -1, +1, -1, +1, -1, +1, -1, -1, +1, -1, +1, -1, +1, +1, +1, +1, -1, -1, +1, +1, -1, +1, +1, -1, -1, -1, -1, +1, +1, -1, +1, +1, -1, -1, +1, +1, +1, +1, -1, +1, -1, +1, -1 ],
            [-1, -1, -1, -1, -1, +1, -1, -1, -1, -1, +1, -1, +1, +1, -1, +1, +1, +1, -1, -1, -1, -1, +1, +1, +1, -1, +1, +1, -1, +1, -1, -1, -1, -1, +1, -1, -1, -1, +1, -1, -1, -1, +1, -1, -1, -1, -1, +1, -1, +1, +1, -1, +1, +1, +1, -1, -1, -1, -1, +1, +1, +1, -1, +1, +1, -1, +1, -1, -1, -1, -1, +1, -1, -1, +1, +1, +1, -1, +1, -1, +1, -1, -1, -1, -1, +1, +1, -1, -1, +1, -1, -1, +1, +1, +1, +1, -1, -1, +1, -1, -1, +1, +1, -1, -1, -1, -1, +1, -1, +1, -1, -1, -1, -1, +1, -1, +1, -1, +1, +1, +1, +1, -1, -1, +1, +1, -1, +1, +1, -1, -1, -1, -1, +1, +1, -1, +1, +1, -1, -1, +1, +1, +1, +1, -1, +1, -1, +1 ],
            [-1, -1, -1, -1, -1, -1, +1, -1, -1, -1, -1, +1, -1, +1, +1, -1, +1, +1, +1, -1, -1, -1, -1, +1, +1, +1, -1, +1, +1, -1, +1, -1, -1, -1, -1, +1, -1, -1, -1, +1, -1, -1, -1, +1, -1, -1, -1, -1, +1, -1, +1, +1, -1, +1, +1, +1, -1, -1, -1, -1, +1, +1, +1, -1, +1, +1, -1, +1, -1, -1, -1, -1, +1, -1, -1, +1, +1, +1, -1, +1, -1, +1, -1, -1, -1, -1, +1, +1, -1, -1, +1, -1, -1, +1, +1, +1, +1, -1, -1, +1, -1, -1, +1, +1, -1, -1, -1, -1, +1, -1, +1, +1, -1, -1, -1, +1, -1, +1, -1, +1, +1, +1, +1, -1, -1, +1, +1, -1, +1, +1, -1, -1, -1, -1, +1, +1, -1, +1, +1, -1, -1, +1, +1, +1, +1, -1, +1, -1 ],
            [-1, -1, -1, -1, -1, -1, -1, +1, -1, -1, -1, -1, +1, -1, +1, +1, -1, +1, +1, +1, -1, -1, -1, -1, +1, +1, +1, -1, +1, +1, -1, +1, -1, -1, -1, -1, +1, -1, -1, -1, +1, -1, -1, -1, +1, -1, -1, -1, -1, +1, -1, +1, +1, -1, +1, +1, +1, -1, -1, -1, -1, +1, +1, +1, -1, +1, +1, -1, +1, -1, -1, -1, -1, +1, +1, -1, +1, +1, +1, -1, +1, -1, +1, -1, -1, -1, -1, +1, +1, -1, -1, +1, -1, -1, +1, +1, +1, +1, -1, -1, +1, -1, -1, +1, +1, -1, -1, -1, -1, +1, -1, -1, +1, -1, -1, -1, +1, -1, +1, -1, +1, +1, +1, +1, -1, -1, +1, +1, -1, +1, +1, -1, -1, -1, -1, +1, +1, -1, +1, +1, -1, -1, +1, +1, +1, +1, -1, +1 ],
            [+1, -1, -1, -1, -1, -1, -1, -1, +1, -1, -1, -1, -1, +1, -1, +1, +1, -1, +1, +1, +1, -1, -1, -1, -1, +1, +1, +1, -1, +1, +1, -1, +1, -1, -1, -1, -1, +1, -1, -1, -1, +1, -1, -1, -1, +1, -1, -1, -1, -1, +1, -1, +1, +1, -1, +1, +1, +1, -1, -1, -1, -1, +1, +1, +1, -1, +1, +1, -1, +1, -1, -1, -1, -1, -1, +1, -1, +1, +1, +1, -1, +1, -1, +1, -1, -1, -1, -1, +1, +1, -1, -1, +1, -1, -1, +1, +1, +1, +1, -1, -1, +1, -1, -1, +1, +1, -1, -1, -1, -1, +1, +1, -1, +1, -1, -1, -1, +1, -1, +1, -1, +1, +1, +1, +1, -1, -1, +1, +1, -1, +1, +1, -1, -1, -1, -1, +1, +1, -1, +1, +1, -1, -1, +1, +1, +1, +1, -1 ],
            [-1, +1, -1, -1, -1, -1, -1, -1, -1, +1, -1, -1, -1, -1, +1, -1, +1, +1, -1, +1, +1, +1, -1, -1, -1, -1, +1, +1, +1, -1, +1, +1, -1, +1, -1, -1, -1, -1, +1, -1, -1, -1, +1, -1, -1, -1, +1, -1, -1, -1, -1, +1, -1, +1, +1, -1, +1, +1, +1, -1, -1, -1, -1, +1, +1, +1, -1, +1, +1, -1, +1, -1, -1, -1, +1, -1, +1, -1, +1, +1, +1, -1, +1, -1, +1, -1, -1, -1, -1, +1, +1, -1, -1, +1, -1, -1, +1, +1, +1, +1, -1, -1, +1, -1, -1, +1, +1, -1, -1, -1, -1, -1, +1, -1, +1, -1, -1, -1, +1, -1, +1, -1, +1, +1, +1, +1, -1, -1, +1, +1, -1, +1, +1, -1, -1, -1, -1, +1, +1, -1, +1, +1, -1, -1, +1, +1, +1, +1 ],
            [-1, -1, +1, -1, -1, -1, -1, -1, -1, -1, +1, -1, -1, -1, -1, +1, -1, +1, +1, -1, +1, +1, +1, -1, -1, -1, -1, +1, +1, +1, -1, +1, +1, -1, +1, -1, -1, -1, -1, +1, -1, -1, -1, +1, -1, -1, -1, +1, -1, -1, -1, -1, +1, -1, +1, +1, -1, +1, +1, +1, -1, -1, -1, -1, +1, +1, +1, -1, +1, +1, -1, +1, -1, -1, -1, +1, -1, +1, -1, +1, +1, +1, -1, +1, -1, +1, -1, -1, -1, -1, +1, +1, -1, -1, +1, -1, -1, +1, +1, +1, +1, -1, -1, +1, -1, -1, +1, +1, -1, -1, -1, +1, -1, +1, -1, +1, -1, -1, -1, +1, -1, +1, -1, +1, +1, +1, +1, -1, -1, +1, +1, -1, +1, +1, -1, -1, -1, -1, +1, +1, -1, +1, +1, -1, -1, +1, +1, +1 ],
            [-1, -1, -1, +1, -1, -1, -1, -1, -1, -1, -1, +1, -1, -1, -1, -1, +1, -1, +1, +1, -1, +1, +1, +1, -1, -1, -1, -1, +1, +1, +1, -1, +1, +1, -1, +1, -1, -1, -1, -1, +1, -1, -1, -1, +1, -1, -1, -1, +1, -1, -1, -1, -1, +1, -1, +1, +1, -1, +1, +1, +1, -1, -1, -1, -1, +1, +1, +1, -1, +1, +1, -1, +1, -1, -1, -1, +1, -1, +1, -1, +1, +1, +1, -1, +1, -1, +1, -1, -1, -1, -1, +1, +1, -1, -1, +1, -1, -1, +1, +1, +1, +1, -1, -1, +1, -1, -1, +1, +1, -1, -1, +1, +1, -1, +1, -1, +1, -1, -1, -1, +1, -1, +1, -1, +1, +1, +1, +1, -1, -1, +1, +1, -1, +1, +1, -1, -1, -1, -1, +1, +1, -1, +1, +1, -1, -1, +1, +1 ],
            [-1, -1, -1, -1, +1, -1, -1, -1, -1, -1, -1, -1, +1, -1, -1, -1, -1, +1, -1, +1, +1, -1, +1, +1, +1, -1, -1, -1, -1, +1, +1, +1, -1, +1, +1, -1, +1, -1, -1, -1, -1, +1, -1, -1, -1, +1, -1, -1, -1, +1, -1, -1, -1, -1, +1, -1, +1, +1, -1, +1, +1, +1, -1, -1, -1, -1, +1, +1, +1, -1, +1, +1, -1, +1, -1, -1, -1, +1, -1, +1, -1, +1, +1, +1, -1, +1, -1, +1, -1, -1, -1, -1, +1, +1, -1, -1, +1, -1, -1, +1, +1, +1, +1, -1, -1, +1, -1, -1, +1, +1, -1, +1, +1, +1, -1, +1, -1, +1, -1, -1, -1, +1, -1, +1, -1, +1, +1, +1, +1, -1, -1, +1, +1, -1, +1, +1, -1, -1, -1, -1, +1, +1, -1, +1, +1, -1, -1, +1 ],
            [+1, -1, -1, -1, -1, +1, -1, -1, -1, -1, -1, -1, -1, +1, -1, -1, -1, -1, +1, -1, +1, +1, -1, +1, +1, +1, -1, -1, -1, -1, +1, +1, +1, -1, +1, +1, -1, +1, -1, -1, -1, -1, +1, -1, -1, -1, +1, -1, -1, -1, +1, -1, -1, -1, -1, +1, -1, +1, +1, -1, +1, +1, +1, -1, -1, -1, -1, +1, +1, +1, -1, +1, +1, -1, -1, -1, -1, -1, +1, -1, +1, -1, +1, +1, +1, -1, +1, -1, +1, -1, -1, -1, -1, +1, +1, -1, -1, +1, -1, -1, +1, +1, +1, +1, -1, -1, +1, -1, -1, +1, +1, +1, +1, +1, +1, -1, +1, -1, +1, -1, -1, -1, +1, -1, +1, -1, +1, +1, +1, +1, -1, -1, +1, +1, -1, +1, +1, -1, -1, -1, -1, +1, +1, -1, +1, +1, -1, -1 ],
            [-1, +1, -1, -1, -1, -1, +1, -1, -1, -1, -1, -1, -1, -1, +1, -1, -1, -1, -1, +1, -1, +1, +1, -1, +1, +1, +1, -1, -1, -1, -1, +1, +1, +1, -1, +1, +1, -1, +1, -1, -1, -1, -1, +1, -1, -1, -1, +1, -1, -1, -1, +1, -1, -1, -1, -1, +1, -1, +1, +1, -1, +1, +1, +1, -1, -1, -1, -1, +1, +1, +1, -1, +1, +1, +1, -1, -1, -1, -1, +1, -1, +1, -1, +1, +1, +1, -1, +1, -1, +1, -1, -1, -1, -1, +1, +1, -1, -1, +1, -1, -1, +1, +1, +1, +1, -1, -1, +1, -1, -1, +1, -1, +1, +1, +1, +1, -1, +1, -1, +1, -1, -1, -1, +1, -1, +1, -1, +1, +1, +1, +1, -1, -1, +1, +1, -1, +1, +1, -1, -1, -1, -1, +1, +1, -1, +1, +1, -1 ],
            [+1, -1, +1, -1, -1, -1, -1, +1, -1, -1, -1, -1, -1, -1, -1, +1, -1, -1, -1, -1, +1, -1, +1, +1, -1, +1, +1, +1, -1, -1, -1, -1, +1, +1, +1, -1, +1, +1, -1, +1, -1, -1, -1, -1, +1, -1, -1, -1, +1, -1, -1, -1, +1, -1, -1, -1, -1, +1, -1, +1, +1, -1, +1, +1, +1, -1, -1, -1, -1, +1, +1, +1, -1, +1, +1, +1, -1, -1, -1, -1, +1, -1, +1, -1, +1, +1, +1, -1, +1, -1, +1, -1, -1, -1, -1, +1, +1, -1, -1, +1, -1, -1, +1, +1, +1, +1, -1, -1, +1, -1, -1, -1, -1, +1, +1, +1, +1, -1, +1, -1, +1, -1, -1, -1, +1, -1, +1, -1, +1, +1, +1, +1, -1, -1, +1, +1, -1, +1, +1, -1, -1, -1, -1, +1, +1, -1, +1, +1 ],
            [+1, +1, -1, +1, -1, -1, -1, -1, +1, -1, -1, -1, -1, -1, -1, -1, +1, -1, -1, -1, -1, +1, -1, +1, +1, -1, +1, +1, +1, -1, -1, -1, -1, +1, +1, +1, -1, +1, +1, -1, +1, -1, -1, -1, -1, +1, -1, -1, -1, +1, -1, -1, -1, +1, -1, -1, -1, -1, +1, -1, +1, +1, -1, +1, +1, +1, -1, -1, -1, -1, +1, +1, +1, -1, -1, +1, +1, -1, -1, -1, -1, +1, -1, +1, -1, +1, +1, +1, -1, +1, -1, +1, -1, -1, -1, -1, +1, +1, -1, -1, +1, -1, -1, +1, +1, +1, +1, -1, -1, +1, -1, +1, -1, -1, +1, +1, +1, +1, -1, +1, -1, +1, -1, -1, -1, +1, -1, +1, -1, +1, +1, +1, +1, -1, -1, +1, +1, -1, +1, +1, -1, -1, -1, -1, +1, +1, -1, +1 ],
            [-1, +1, +1, -1, +1, -1, -1, -1, -1, +1, -1, -1, -1, -1, -1, -1, -1, +1, -1, -1, -1, -1, +1, -1, +1, +1, -1, +1, +1, +1, -1, -1, -1, -1, +1, +1, +1, -1, +1, +1, -1, +1, -1, -1, -1, -1, +1, -1, -1, -1, +1, -1, -1, -1, +1, -1, -1, -1, -1, +1, -1, +1, +1, -1, +1, +1, +1, -1, -1, -1, -1, +1, +1, +1, -1, -1, +1, +1, -1, -1, -1, -1, +1, -1, +1, -1, +1, +1, +1, -1, +1, -1, +1, -1, -1, -1, -1, +1, +1, -1, -1, +1, -1, -1, +1, +1, +1, +1, -1, -1, +1, +1, +1, -1, -1, +1, +1, +1, +1, -1, +1, -1, +1, -1, -1, -1, +1, -1, +1, -1, +1, +1, +1, +1, -1, -1, +1, +1, -1, +1, +1, -1, -1, -1, -1, +1, +1, -1 ],
            [+1, -1, +1, +1, -1, +1, -1, -1, -1, -1, +1, -1, -1, -1, -1, -1, -1, -1, +1, -1, -1, -1, -1, +1, -1, +1, +1, -1, +1, +1, +1, -1, -1, -1, -1, +1, +1, +1, -1, +1, +1, -1, +1, -1, -1, -1, -1, +1, -1, -1, -1, +1, -1, -1, -1, +1, -1, -1, -1, -1, +1, -1, +1, +1, -1, +1, +1, +1, -1, -1, -1, -1, +1, +1, +1, -1, -1, +1, +1, -1, -1, -1, -1, +1, -1, +1, -1, +1, +1, +1, -1, +1, -1, +1, -1, -1, -1, -1, +1, +1, -1, -1, +1, -1, -1, +1, +1, +1, +1, -1, -1, -1, +1, +1, -1, -1, +1, +1, +1, +1, -1, +1, -1, +1, -1, -1, -1, +1, -1, +1, -1, +1, +1, +1, +1, -1, -1, +1, +1, -1, +1, +1, -1, -1, -1, -1, +1, +1 ],
            [+1, +1, -1, +1, +1, -1, +1, -1, -1, -1, -1, +1, -1, -1, -1, -1, -1, -1, -1, +1, -1, -1, -1, -1, +1, -1, +1, +1, -1, +1, +1, +1, -1, -1, -1, -1, +1, +1, +1, -1, +1, +1, -1, +1, -1, -1, -1, -1, +1, -1, -1, -1, +1, -1, -1, -1, +1, -1, -1, -1, -1, +1, -1, +1, +1, -1, +1, +1, +1, -1, -1, -1, -1, +1, -1, +1, -1, -1, +1, +1, -1, -1, -1, -1, +1, -1, +1, -1, +1, +1, +1, -1, +1, -1, +1, -1, -1, -1, -1, +1, +1, -1, -1, +1, -1, -1, +1, +1, +1, +1, -1, +1, -1, +1, +1, -1, -1, +1, +1, +1, +1, -1, +1, -1, +1, -1, -1, -1, +1, -1, +1, -1, +1, +1, +1, +1, -1, -1, +1, +1, -1, +1, +1, -1, -1, -1, -1, +1 ],
            [+1, +1, +1, -1, +1, +1, -1, +1, -1, -1, -1, -1, +1, -1, -1, -1, -1, -1, -1, -1, +1, -1, -1, -1, -1, +1, -1, +1, +1, -1, +1, +1, +1, -1, -1, -1, -1, +1, +1, +1, -1, +1, +1, -1, +1, -1, -1, -1, -1, +1, -1, -1, -1, +1, -1, -1, -1, +1, -1, -1, -1, -1, +1, -1, +1, +1, -1, +1, +1, +1, -1, -1, -1, -1, -1, -1, +1, -1, -1, +1, +1, -1, -1, -1, -1, +1, -1, +1, -1, +1, +1, +1, -1, +1, -1, +1, -1, -1, -1, -1, +1, +1, -1, -1, +1, -1, -1, +1, +1, +1, +1, +1, +1, -1, +1, +1, -1, -1, +1, +1, +1, +1, -1, +1, -1, +1, -1, -1, -1, +1, -1, +1, -1, +1, +1, +1, +1, -1, -1, +1, +1, -1, +1, +1, -1, -1, -1, -1 ],
            [-1, +1, +1, +1, -1, +1, +1, -1, +1, -1, -1, -1, -1, +1, -1, -1, -1, -1, -1, -1, -1, +1, -1, -1, -1, -1, +1, -1, +1, +1, -1, +1, +1, +1, -1, -1, -1, -1, +1, +1, +1, -1, +1, +1, -1, +1, -1, -1, -1, -1, +1, -1, -1, -1, +1, -1, -1, -1, +1, -1, -1, -1, -1, +1, -1, +1, +1, -1, +1, +1, +1, -1, -1, -1, +1, -1, -1, +1, -1, -1, +1, +1, -1, -1, -1, -1, +1, -1, +1, -1, +1, +1, +1, -1, +1, -1, +1, -1, -1, -1, -1, +1, +1, -1, -1, +1, -1, -1, +1, +1, +1, -1, +1, +1, -1, +1, +1, -1, -1, +1, +1, +1, +1, -1, +1, -1, +1, -1, -1, -1, +1, -1, +1, -1, +1, +1, +1, +1, -1, -1, +1, +1, -1, +1, +1, -1, -1, -1 ],
            [-1, -1, +1, +1, +1, -1, +1, +1, -1, +1, -1, -1, -1, -1, +1, -1, -1, -1, -1, -1, -1, -1, +1, -1, -1, -1, -1, +1, -1, +1, +1, -1, +1, +1, +1, -1, -1, -1, -1, +1, +1, +1, -1, +1, +1, -1, +1, -1, -1, -1, -1, +1, -1, -1, -1, +1, -1, -1, -1, +1, -1, -1, -1, -1, +1, -1, +1, +1, -1, +1, +1, +1, -1, -1, +1, +1, -1, -1, +1, -1, -1, +1, +1, -1, -1, -1, -1, +1, -1, +1, -1, +1, +1, +1, -1, +1, -1, +1, -1, -1, -1, -1, +1, +1, -1, -1, +1, -1, -1, +1, +1, -1, -1, +1, +1, -1, +1, +1, -1, -1, +1, +1, +1, +1, -1, +1, -1, +1, -1, -1, -1, +1, -1, +1, -1, +1, +1, +1, +1, -1, -1, +1, +1, -1, +1, +1, -1, -1 ],
            [-1, -1, -1, +1, +1, +1, -1, +1, +1, -1, +1, -1, -1, -1, -1, +1, -1, -1, -1, -1, -1, -1, -1, +1, -1, -1, -1, -1, +1, -1, +1, +1, -1, +1, +1, +1, -1, -1, -1, -1, +1, +1, +1, -1, +1, +1, -1, +1, -1, -1, -1, -1, +1, -1, -1, -1, +1, -1, -1, -1, +1, -1, -1, -1, -1, +1, -1, +1, +1, -1, +1, +1, +1, -1, +1, +1, +1, -1, -1, +1, -1, -1, +1, +1, -1, -1, -1, -1, +1, -1, +1, -1, +1, +1, +1, -1, +1, -1, +1, -1, -1, -1, -1, +1, +1, -1, -1, +1, -1, -1, +1, -1, -1, -1, +1, +1, -1, +1, +1, -1, -1, +1, +1, +1, +1, -1, +1, -1, +1, -1, -1, -1, +1, -1, +1, -1, +1, +1, +1, +1, -1, -1, +1, +1, -1, +1, +1, -1 ],
            [-1, -1, -1, -1, +1, +1, +1, -1, +1, +1, -1, +1, -1, -1, -1, -1, +1, -1, -1, -1, -1, -1, -1, -1, +1, -1, -1, -1, -1, +1, -1, +1, +1, -1, +1, +1, +1, -1, -1, -1, -1, +1, +1, +1, -1, +1, +1, -1, +1, -1, -1, -1, -1, +1, -1, -1, -1, +1, -1, -1, -1, +1, -1, -1, -1, -1, +1, -1, +1, +1, -1, +1, +1, +1, +1, +1, +1, +1, -1, -1, +1, -1, -1, +1, +1, -1, -1, -1, -1, +1, -1, +1, -1, +1, +1, +1, -1, +1, -1, +1, -1, -1, -1, -1, +1, +1, -1, -1, +1, -1, -1, -1, -1, -1, -1, +1, +1, -1, +1, +1, -1, -1, +1, +1, +1, +1, -1, +1, -1, +1, -1, -1, -1, +1, -1, +1, -1, +1, +1, +1, +1, -1, -1, +1, +1, -1, +1, +1 ],
            [+1, -1, -1, -1, -1, +1, +1, +1, -1, +1, +1, -1, +1, -1, -1, -1, -1, +1, -1, -1, -1, -1, -1, -1, -1, +1, -1, -1, -1, -1, +1, -1, +1, +1, -1, +1, +1, +1, -1, -1, -1, -1, +1, +1, +1, -1, +1, +1, -1, +1, -1, -1, -1, -1, +1, -1, -1, -1, +1, -1, -1, -1, +1, -1, -1, -1, -1, +1, -1, +1, +1, -1, +1, +1, -1, +1, +1, +1, +1, -1, -1, +1, -1, -1, +1, +1, -1, -1, -1, -1, +1, -1, +1, -1, +1, +1, +1, -1, +1, -1, +1, -1, -1, -1, -1, +1, +1, -1, -1, +1, -1, +1, -1, -1, -1, -1, +1, +1, -1, +1, +1, -1, -1, +1, +1, +1, +1, -1, +1, -1, +1, -1, -1, -1, +1, -1, +1, -1, +1, +1, +1, +1, -1, -1, +1, +1, -1, +1 ],
            [+1, +1, -1, -1, -1, -1, +1, +1, +1, -1, +1, +1, -1, +1, -1, -1, -1, -1, +1, -1, -1, -1, -1, -1, -1, -1, +1, -1, -1, -1, -1, +1, -1, +1, +1, -1, +1, +1, +1, -1, -1, -1, -1, +1, +1, +1, -1, +1, +1, -1, +1, -1, -1, -1, -1, +1, -1, -1, -1, +1, -1, -1, -1, +1, -1, -1, -1, -1, +1, -1, +1, +1, -1, +1, -1, -1, +1, +1, +1, +1, -1, -1, +1, -1, -1, +1, +1, -1, -1, -1, -1, +1, -1, +1, -1, +1, +1, +1, -1, +1, -1, +1, -1, -1, -1, -1, +1, +1, -1, -1, +1, +1, +1, -1, -1, -1, -1, +1, +1, -1, +1, +1, -1, -1, +1, +1, +1, +1, -1, +1, -1, +1, -1, -1, -1, +1, -1, +1, -1, +1, +1, +1, +1, -1, -1, +1, +1, -1 ],
            [+1, +1, +1, -1, -1, -1, -1, +1, +1, +1, -1, +1, +1, -1, +1, -1, -1, -1, -1, +1, -1, -1, -1, -1, -1, -1, -1, +1, -1, -1, -1, -1, +1, -1, +1, +1, -1, +1, +1, +1, -1, -1, -1, -1, +1, +1, +1, -1, +1, +1, -1, +1, -1, -1, -1, -1, +1, -1, -1, -1, +1, -1, -1, -1, +1, -1, -1, -1, -1, +1, -1, +1, +1, -1, +1, -1, -1, +1, +1, +1, +1, -1, -1, +1, -1, -1, +1, +1, -1, -1, -1, -1, +1, -1, +1, -1, +1, +1, +1, -1, +1, -1, +1, -1, -1, -1, -1, +1, +1, -1, -1, -1, +1, +1, -1, -1, -1, -1, +1, +1, -1, +1, +1, -1, -1, +1, +1, +1, +1, -1, +1, -1, +1, -1, -1, -1, +1, -1, +1, -1, +1, +1, +1, +1, -1, -1, +1, +1 ],
            [-1, +1, +1, +1, -1, -1, -1, -1, +1, +1, +1, -1, +1, +1, -1, +1, -1, -1, -1, -1, +1, -1, -1, -1, -1, -1, -1, -1, +1, -1, -1, -1, -1, +1, -1, +1, +1, -1, +1, +1, +1, -1, -1, -1, -1, +1, +1, +1, -1, +1, +1, -1, +1, -1, -1, -1, -1, +1, -1, -1, -1, +1, -1, -1, -1, +1, -1, -1, -1, -1, +1, -1, +1, +1, -1, +1, -1, -1, +1, +1, +1, +1, -1, -1, +1, -1, -1, +1, +1, -1, -1, -1, -1, +1, -1, +1, -1, +1, +1, +1, -1, +1, -1, +1, -1, -1, -1, -1, +1, +1, -1, +1, -1, +1, +1, -1, -1, -1, -1, +1, +1, -1, +1, +1, -1, -1, +1, +1, +1, +1, -1, +1, -1, +1, -1, -1, -1, +1, -1, +1, -1, +1, +1, +1, +1, -1, -1, +1 ],
            [+1, -1, +1, +1, +1, -1, -1, -1, -1, +1, +1, +1, -1, +1, +1, -1, +1, -1, -1, -1, -1, +1, -1, -1, -1, -1, -1, -1, -1, +1, -1, -1, -1, -1, +1, -1, +1, +1, -1, +1, +1, +1, -1, -1, -1, -1, +1, +1, +1, -1, +1, +1, -1, +1, -1, -1, -1, -1, +1, -1, -1, -1, +1, -1, -1, -1, +1, -1, -1, -1, -1, +1, -1, +1, -1, -1, +1, -1, -1, +1, +1, +1, +1, -1, -1, +1, -1, -1, +1, +1, -1, -1, -1, -1, +1, -1, +1, -1, +1, +1, +1, -1, +1, -1, +1, -1, -1, -1, -1, +1, +1, +1, +1, -1, +1, +1, -1, -1, -1, -1, +1, +1, -1, +1, +1, -1, -1, +1, +1, +1, +1, -1, +1, -1, +1, -1, -1, -1, +1, -1, +1, -1, +1, +1, +1, +1, -1, -1 ],
            [+1, +1, -1, +1, +1, +1, -1, -1, -1, -1, +1, +1, +1, -1, +1, +1, -1, +1, -1, -1, -1, -1, +1, -1, -1, -1, -1, -1, -1, -1, +1, -1, -1, -1, -1, +1, -1, +1, +1, -1, +1, +1, +1, -1, -1, -1, -1, +1, +1, +1, -1, +1, +1, -1, +1, -1, -1, -1, -1, +1, -1, -1, -1, +1, -1, -1, -1, +1, -1, -1, -1, -1, +1, -1, +1, -1, -1, +1, -1, -1, +1, +1, +1, +1, -1, -1, +1, -1, -1, +1, +1, -1, -1, -1, -1, +1, -1, +1, -1, +1, +1, +1, -1, +1, -1, +1, -1, -1, -1, -1, +1, -1, +1, +1, -1, +1, +1, -1, -1, -1, -1, +1, +1, -1, +1, +1, -1, -1, +1, +1, +1, +1, -1, +1, -1, +1, -1, -1, -1, +1, -1, +1, -1, +1, +1, +1, +1, -1 ],
            [-1, +1, +1, -1, +1, +1, +1, -1, -1, -1, -1, +1, +1, +1, -1, +1, +1, -1, +1, -1, -1, -1, -1, +1, -1, -1, -1, -1, -1, -1, -1, +1, -1, -1, -1, -1, +1, -1, +1, +1, -1, +1, +1, +1, -1, -1, -1, -1, +1, +1, +1, -1, +1, +1, -1, +1, -1, -1, -1, -1, +1, -1, -1, -1, +1, -1, -1, -1, +1, -1, -1, -1, -1, +1, +1, +1, -1, -1, +1, -1, -1, +1, +1, +1, +1, -1, -1, +1, -1, -1, +1, +1, -1, -1, -1, -1, +1, -1, +1, -1, +1, +1, +1, -1, +1, -1, +1, -1, -1, -1, -1, -1, -1, +1, +1, -1, +1, +1, -1, -1, -1, -1, +1, +1, -1, +1, +1, -1, -1, +1, +1, +1, +1, -1, +1, -1, +1, -1, -1, -1, +1, -1, +1, -1, +1, +1, +1, +1 ],
            [+1, -1, +1, +1, -1, +1, +1, +1, -1, -1, -1, -1, +1, +1, +1, -1, +1, +1, -1, +1, -1, -1, -1, -1, +1, -1, -1, -1, -1, -1, -1, -1, +1, -1, -1, -1, -1, +1, -1, +1, +1, -1, +1, +1, +1, -1, -1, -1, -1, +1, +1, +1, -1, +1, +1, -1, +1, -1, -1, -1, -1, +1, -1, -1, -1, +1, -1, -1, -1, +1, -1, -1, -1, -1, -1, +1, +1, -1, -1, +1, -1, -1, +1, +1, +1, +1, -1, -1, +1, -1, -1, +1, +1, -1, -1, -1, -1, +1, -1, +1, -1, +1, +1, +1, -1, +1, -1, +1, -1, -1, -1, +1, -1, -1, +1, +1, -1, +1, +1, -1, -1, -1, -1, +1, +1, -1, +1, +1, -1, -1, +1, +1, +1, +1, -1, +1, -1, +1, -1, -1, -1, +1, -1, +1, -1, +1, +1, +1 ],
            [-1, +1, -1, +1, +1, -1, +1, +1, +1, -1, -1, -1, -1, +1, +1, +1, -1, +1, +1, -1, +1, -1, -1, -1, -1, +1, -1, -1, -1, -1, -1, -1, -1, +1, -1, -1, -1, -1, +1, -1, +1, +1, -1, +1, +1, +1, -1, -1, -1, -1, +1, +1, +1, -1, +1, +1, -1, +1, -1, -1, -1, -1, +1, -1, -1, -1, +1, -1, -1, -1, +1, -1, -1, -1, -1, -1, +1, +1, -1, -1, +1, -1, -1, +1, +1, +1, +1, -1, -1, +1, -1, -1, +1, +1, -1, -1, -1, -1, +1, -1, +1, -1, +1, +1, +1, -1, +1, -1, +1, -1, -1, +1, +1, -1, -1, +1, +1, -1, +1, +1, -1, -1, -1, -1, +1, +1, -1, +1, +1, -1, -1, +1, +1, +1, +1, -1, +1, -1, +1, -1, -1, -1, +1, -1, +1, -1, +1, +1 ],
            [-1, -1, +1, -1, +1, +1, -1, +1, +1, +1, -1, -1, -1, -1, +1, +1, +1, -1, +1, +1, -1, +1, -1, -1, -1, -1, +1, -1, -1, -1, -1, -1, -1, -1, +1, -1, -1, -1, -1, +1, -1, +1, +1, -1, +1, +1, +1, -1, -1, -1, -1, +1, +1, +1, -1, +1, +1, -1, +1, -1, -1, -1, -1, +1, -1, -1, -1, +1, -1, -1, -1, +1, -1, -1, -1, -1, -1, +1, +1, -1, -1, +1, -1, -1, +1, +1, +1, +1, -1, -1, +1, -1, -1, +1, +1, -1, -1, -1, -1, +1, -1, +1, -1, +1, +1, +1, -1, +1, -1, +1, -1, +1, +1, +1, -1, -1, +1, +1, -1, +1, +1, -1, -1, -1, -1, +1, +1, -1, +1, +1, -1, -1, +1, +1, +1, +1, -1, +1, -1, +1, -1, -1, -1, +1, -1, +1, -1, +1 ],
            [-1, -1, -1, +1, -1, +1, +1, -1, +1, +1, +1, -1, -1, -1, -1, +1, +1, +1, -1, +1, +1, -1, +1, -1, -1, -1, -1, +1, -1, -1, -1, -1, -1, -1, -1, +1, -1, -1, -1, -1, +1, -1, +1, +1, -1, +1, +1, +1, -1, -1, -1, -1, +1, +1, +1, -1, +1, +1, -1, +1, -1, -1, -1, -1, +1, -1, -1, -1, +1, -1, -1, -1, +1, -1, -1, -1, -1, -1, +1, +1, -1, -1, +1, -1, -1, +1, +1, +1, +1, -1, -1, +1, -1, -1, +1, +1, -1, -1, -1, -1, +1, -1, +1, -1, +1, +1, +1, -1, +1, -1, +1, +1, +1, +1, +1, -1, -1, +1, +1, -1, +1, +1, -1, -1, -1, -1, +1, +1, -1, +1, +1, -1, -1, +1, +1, +1, +1, -1, +1, -1, +1, -1, -1, -1, +1, -1, +1, -1 ],
            [-1, -1, -1, -1, +1, -1, +1, +1, -1, +1, +1, +1, -1, -1, -1, -1, +1, +1, +1, -1, +1, +1, -1, +1, -1, -1, -1, -1, +1, -1, -1, -1, -1, -1, -1, -1, +1, -1, -1, -1, -1, +1, -1, +1, +1, -1, +1, +1, +1, -1, -1, -1, -1, +1, +1, +1, -1, +1, +1, -1, +1, -1, -1, -1, -1, +1, -1, -1, -1, +1, -1, -1, -1, +1, +1, -1, -1, -1, -1, +1, +1, -1, -1, +1, -1, -1, +1, +1, +1, +1, -1, -1, +1, -1, -1, +1, +1, -1, -1, -1, -1, +1, -1, +1, -1, +1, +1, +1, -1, +1, -1, -1, +1, +1, +1, +1, -1, -1, +1, +1, -1, +1, +1, -1, -1, -1, -1, +1, +1, -1, +1, +1, -1, -1, +1, +1, +1, +1, -1, +1, -1, +1, -1, -1, -1, +1, -1, +1 ],
            [+1, -1, -1, -1, -1, +1, -1, +1, +1, -1, +1, +1, +1, -1, -1, -1, -1, +1, +1, +1, -1, +1, +1, -1, +1, -1, -1, -1, -1, +1, -1, -1, -1, -1, -1, -1, -1, +1, -1, -1, -1, -1, +1, -1, +1, +1, -1, +1, +1, +1, -1, -1, -1, -1, +1, +1, +1, -1, +1, +1, -1, +1, -1, -1, -1, -1, +1, -1, -1, -1, +1, -1, -1, -1, -1, +1, -1, -1, -1, -1, +1, +1, -1, -1, +1, -1, -1, +1, +1, +1, +1, -1, -1, +1, -1, -1, +1, +1, -1, -1, -1, -1, +1, -1, +1, -1, +1, +1, +1, -1, +1, +1, -1, +1, +1, +1, +1, -1, -1, +1, +1, -1, +1, +1, -1, -1, -1, -1, +1, +1, -1, +1, +1, -1, -1, +1, +1, +1, +1, -1, +1, -1, +1, -1, -1, -1, +1, -1 ],
            [-1, +1, -1, -1, -1, -1, +1, -1, +1, +1, -1, +1, +1, +1, -1, -1, -1, -1, +1, +1, +1, -1, +1, +1, -1, +1, -1, -1, -1, -1, +1, -1, -1, -1, -1, -1, -1, -1, +1, -1, -1, -1, -1, +1, -1, +1, +1, -1, +1, +1, +1, -1, -1, -1, -1, +1, +1, +1, -1, +1, +1, -1, +1, -1, -1, -1, -1, +1, -1, -1, -1, +1, -1, -1, +1, -1, +1, -1, -1, -1, -1, +1, +1, -1, -1, +1, -1, -1, +1, +1, +1, +1, -1, -1, +1, -1, -1, +1, +1, -1, -1, -1, -1, +1, -1, +1, -1, +1, +1, +1, -1, -1, +1, -1, +1, +1, +1, +1, -1, -1, +1, +1, -1, +1, +1, -1, -1, -1, -1, +1, +1, -1, +1, +1, -1, -1, +1, +1, +1, +1, -1, +1, -1, +1, -1, -1, -1, +1 ],
            [-1, -1, +1, -1, -1, -1, -1, +1, -1, +1, +1, -1, +1, +1, +1, -1, -1, -1, -1, +1, +1, +1, -1, +1, +1, -1, +1, -1, -1, -1, -1, +1, -1, -1, -1, -1, -1, -1, -1, +1, -1, -1, -1, -1, +1, -1, +1, +1, -1, +1, +1, +1, -1, -1, -1, -1, +1, +1, +1, -1, +1, +1, -1, +1, -1, -1, -1, -1, +1, -1, -1, -1, +1, -1, -1, +1, -1, +1, -1, -1, -1, -1, +1, +1, -1, -1, +1, -1, -1, +1, +1, +1, +1, -1, -1, +1, -1, -1, +1, +1, -1, -1, -1, -1, +1, -1, +1, -1, +1, +1, +1, +1, -1, +1, -1, +1, +1, +1, +1, -1, -1, +1, +1, -1, +1, +1, -1, -1, -1, -1, +1, +1, -1, +1, +1, -1, -1, +1, +1, +1, +1, -1, +1, -1, +1, -1, -1, -1 ],
            [-1, -1, -1, +1, -1, -1, -1, -1, +1, -1, +1, +1, -1, +1, +1, +1, -1, -1, -1, -1, +1, +1, +1, -1, +1, +1, -1, +1, -1, -1, -1, -1, +1, -1, -1, -1, -1, -1, -1, -1, +1, -1, -1, -1, -1, +1, -1, +1, +1, -1, +1, +1, +1, -1, -1, -1, -1, +1, +1, +1, -1, +1, +1, -1, +1, -1, -1, -1, -1, +1, -1, -1, -1, +1, +1, -1, +1, -1, +1, -1, -1, -1, -1, +1, +1, -1, -1, +1, -1, -1, +1, +1, +1, +1, -1, -1, +1, -1, -1, +1, +1, -1, -1, -1, -1, +1, -1, +1, -1, +1, +1, -1, +1, -1, +1, -1, +1, +1, +1, +1, -1, -1, +1, +1, -1, +1, +1, -1, -1, -1, -1, +1, +1, -1, +1, +1, -1, -1, +1, +1, +1, +1, -1, +1, -1, +1, -1, -1 ],
            [-1, +1, +1, +1, -1, +1, +1, +1, +1, -1, +1, -1, -1, +1, -1, -1, -1, +1, +1, +1, +1, -1, -1, -1, +1, -1, -1, +1, -1, +1, +1, +1, +1, -1, +1, +1, +1, -1, -1, -1, -1, +1, -1, -1, -1, -1, +1, -1, +1, +1, -1, +1, +1, +1, -1, -1, -1, -1, +1, +1, +1, -1, +1, +1, -1, +1, -1, -1, -1, -1, +1, -1, -1, -1, +1, +1, -1, +1, -1, +1, -1, -1, -1, -1, +1, +1, -1, -1, +1, -1, -1, +1, +1, +1, +1, -1, -1, +1, -1, -1, +1, +1, -1, -1, -1, -1, +1, -1, +1, -1, +1, +1, +1, -1, +1, -1, +1, -1, -1, -1, -1, +1, +1, -1, -1, +1, -1, -1, +1, +1, +1, +1, -1, -1, +1, -1, -1, +1, +1, -1, -1, -1, -1, +1, -1, +1, -1, +1 ],
            [+1, -1, +1, +1, +1, -1, +1, +1, +1, +1, -1, +1, -1, -1, +1, -1, -1, -1, +1, +1, +1, +1, -1, -1, -1, +1, -1, -1, +1, -1, +1, +1, +1, +1, -1, +1, +1, -1, -1, -1, -1, -1, +1, -1, -1, -1, -1, +1, -1, +1, +1, -1, +1, +1, +1, -1, -1, -1, -1, +1, +1, +1, -1, +1, +1, -1, +1, -1, -1, -1, -1, +1, -1, -1, +1, +1, +1, -1, +1, -1, +1, -1, -1, -1, -1, +1, +1, -1, -1, +1, -1, -1, +1, +1, +1, +1, -1, -1, +1, -1, -1, +1, +1, -1, -1, -1, -1, +1, -1, +1, -1, +1, +1, +1, -1, +1, -1, +1, -1, -1, -1, -1, +1, +1, -1, -1, +1, -1, -1, +1, +1, +1, +1, -1, -1, +1, -1, -1, +1, +1, -1, -1, -1, -1, +1, -1, +1, -1 ],
            [+1, +1, -1, +1, +1, +1, -1, +1, +1, +1, +1, -1, +1, -1, -1, +1, -1, -1, -1, +1, +1, +1, +1, -1, -1, -1, +1, -1, -1, +1, -1, +1, +1, +1, +1, -1, +1, -1, -1, -1, -1, -1, -1, +1, -1, -1, -1, -1, +1, -1, +1, +1, -1, +1, +1, +1, -1, -1, -1, -1, +1, +1, +1, -1, +1, +1, -1, +1, -1, -1, -1, -1, +1, -1, -1, +1, +1, +1, -1, +1, -1, +1, -1, -1, -1, -1, +1, +1, -1, -1, +1, -1, -1, +1, +1, +1, +1, -1, -1, +1, -1, -1, +1, +1, -1, -1, -1, -1, +1, -1, +1, -1, +1, +1, +1, -1, +1, -1, +1, -1, -1, -1, -1, +1, +1, -1, -1, +1, -1, -1, +1, +1, +1, +1, -1, -1, +1, -1, -1, +1, +1, -1, -1, -1, -1, +1, -1, +1 ],
            [+1, +1, +1, -1, +1, +1, +1, -1, +1, +1, +1, +1, -1, +1, -1, -1, +1, -1, -1, -1, +1, +1, +1, +1, -1, -1, -1, +1, -1, -1, +1, -1, +1, +1, +1, +1, -1, -1, -1, -1, -1, -1, -1, -1, +1, -1, -1, -1, -1, +1, -1, +1, +1, -1, +1, +1, +1, -1, -1, -1, -1, +1, +1, +1, -1, +1, +1, -1, +1, -1, -1, -1, -1, +1, +1, -1, +1, +1, +1, -1, +1, -1, +1, -1, -1, -1, -1, +1, +1, -1, -1, +1, -1, -1, +1, +1, +1, +1, -1, -1, +1, -1, -1, +1, +1, -1, -1, -1, -1, +1, -1, +1, -1, +1, +1, +1, -1, +1, -1, +1, -1, -1, -1, -1, +1, +1, -1, -1, +1, -1, -1, +1, +1, +1, +1, -1, -1, +1, -1, -1, +1, +1, -1, -1, -1, -1, +1, -1 ],
            [-1, +1, +1, +1, -1, +1, +1, +1, -1, +1, +1, +1, +1, -1, +1, -1, -1, +1, -1, -1, -1, +1, +1, +1, +1, -1, -1, -1, +1, -1, -1, +1, -1, +1, +1, +1, +1, +1, -1, -1, -1, -1, -1, -1, -1, +1, -1, -1, -1, -1, +1, -1, +1, +1, -1, +1, +1, +1, -1, -1, -1, -1, +1, +1, +1, -1, +1, +1, -1, +1, -1, -1, -1, -1, -1, +1, -1, +1, +1, +1, -1, +1, -1, +1, -1, -1, -1, -1, +1, +1, -1, -1, +1, -1, -1, +1, +1, +1, +1, -1, -1, +1, -1, -1, +1, +1, -1, -1, -1, -1, +1, -1, +1, -1, +1, +1, +1, -1, +1, -1, +1, -1, -1, -1, -1, +1, +1, -1, -1, +1, -1, -1, +1, +1, +1, +1, -1, -1, +1, -1, -1, +1, +1, -1, -1, -1, -1, +1 ],
            [+1, -1, +1, +1, +1, -1, +1, +1, +1, -1, +1, +1, +1, +1, -1, +1, -1, -1, +1, -1, -1, -1, +1, +1, +1, +1, -1, -1, -1, +1, -1, -1, +1, -1, +1, +1, +1, -1, +1, -1, -1, -1, -1, -1, -1, -1, +1, -1, -1, -1, -1, +1, -1, +1, +1, -1, +1, +1, +1, -1, -1, -1, -1, +1, +1, +1, -1, +1, +1, -1, +1, -1, -1, -1, +1, -1, +1, -1, +1, +1, +1, -1, +1, -1, +1, -1, -1, -1, -1, +1, +1, -1, -1, +1, -1, -1, +1, +1, +1, +1, -1, -1, +1, -1, -1, +1, +1, -1, -1, -1, -1, +1, -1, +1, -1, +1, +1, +1, -1, +1, -1, +1, -1, -1, -1, -1, +1, +1, -1, -1, +1, -1, -1, +1, +1, +1, +1, -1, -1, +1, -1, -1, +1, +1, -1, -1, -1, -1 ],
            [+1, +1, -1, +1, +1, +1, -1, +1, +1, +1, -1, +1, +1, +1, +1, -1, +1, -1, -1, +1, -1, -1, -1, +1, +1, +1, +1, -1, -1, -1, +1, -1, -1, +1, -1, +1, +1, -1, -1, +1, -1, -1, -1, -1, -1, -1, -1, +1, -1, -1, -1, -1, +1, -1, +1, +1, -1, +1, +1, +1, -1, -1, -1, -1, +1, +1, +1, -1, +1, +1, -1, +1, -1, -1, -1, +1, -1, +1, -1, +1, +1, +1, -1, +1, -1, +1, -1, -1, -1, -1, +1, +1, -1, -1, +1, -1, -1, +1, +1, +1, +1, -1, -1, +1, -1, -1, +1, +1, -1, -1, -1, -1, +1, -1, +1, -1, +1, +1, +1, -1, +1, -1, +1, -1, -1, -1, -1, +1, +1, -1, -1, +1, -1, -1, +1, +1, +1, +1, -1, -1, +1, -1, -1, +1, +1, -1, -1, -1 ],
            [+1, +1, +1, -1, +1, +1, +1, -1, +1, +1, +1, -1, +1, +1, +1, +1, -1, +1, -1, -1, +1, -1, -1, -1, +1, +1, +1, +1, -1, -1, -1, +1, -1, -1, +1, -1, +1, -1, -1, -1, +1, -1, -1, -1, -1, -1, -1, -1, +1, -1, -1, -1, -1, +1, -1, +1, +1, -1, +1, +1, +1, -1, -1, -1, -1, +1, +1, +1, -1, +1, +1, -1, +1, -1, -1, -1, +1, -1, +1, -1, +1, +1, +1, -1, +1, -1, +1, -1, -1, -1, -1, +1, +1, -1, -1, +1, -1, -1, +1, +1, +1, +1, -1, -1, +1, -1, -1, +1, +1, -1, -1, -1, -1, +1, -1, +1, -1, +1, +1, +1, -1, +1, -1, +1, -1, -1, -1, -1, +1, +1, -1, -1, +1, -1, -1, +1, +1, +1, +1, -1, -1, +1, -1, -1, +1, +1, -1, -1 ],
            [+1, +1, +1, +1, -1, +1, +1, +1, -1, +1, +1, +1, -1, +1, +1, +1, +1, -1, +1, -1, -1, +1, -1, -1, -1, +1, +1, +1, +1, -1, -1, -1, +1, -1, -1, +1, -1, -1, -1, -1, -1, +1, -1, -1, -1, -1, -1, -1, -1, +1, -1, -1, -1, -1, +1, -1, +1, +1, -1, +1, +1, +1, -1, -1, -1, -1, +1, +1, +1, -1, +1, +1, -1, +1, -1, -1, -1, +1, -1, +1, -1, +1, +1, +1, -1, +1, -1, +1, -1, -1, -1, -1, +1, +1, -1, -1, +1, -1, -1, +1, +1, +1, +1, -1, -1, +1, -1, -1, +1, +1, -1, -1, -1, -1, +1, -1, +1, -1, +1, +1, +1, -1, +1, -1, +1, -1, -1, -1, -1, +1, +1, -1, -1, +1, -1, -1, +1, +1, +1, +1, -1, -1, +1, -1, -1, +1, +1, -1 ],
            [-1, +1, +1, +1, +1, -1, +1, +1, +1, -1, +1, +1, +1, -1, +1, +1, +1, +1, -1, +1, -1, -1, +1, -1, -1, -1, +1, +1, +1, +1, -1, -1, -1, +1, -1, -1, +1, +1, -1, -1, -1, -1, +1, -1, -1, -1, -1, -1, -1, -1, +1, -1, -1, -1, -1, +1, -1, +1, +1, -1, +1, +1, +1, -1, -1, -1, -1, +1, +1, +1, -1, +1, +1, -1, -1, -1, -1, -1, +1, -1, +1, -1, +1, +1, +1, -1, +1, -1, +1, -1, -1, -1, -1, +1, +1, -1, -1, +1, -1, -1, +1, +1, +1, +1, -1, -1, +1, -1, -1, +1, +1, -1, -1, -1, -1, +1, -1, +1, -1, +1, +1, +1, -1, +1, -1, +1, -1, -1, -1, -1, +1, +1, -1, -1, +1, -1, -1, +1, +1, +1, +1, -1, -1, +1, -1, -1, +1, +1 ],
            [+1, -1, +1, +1, +1, +1, -1, +1, +1, +1, -1, +1, +1, +1, -1, +1, +1, +1, +1, -1, +1, -1, -1, +1, -1, -1, -1, +1, +1, +1, +1, -1, -1, -1, +1, -1, -1, -1, +1, -1, -1, -1, -1, +1, -1, -1, -1, -1, -1, -1, -1, +1, -1, -1, -1, -1, +1, -1, +1, +1, -1, +1, +1, +1, -1, -1, -1, -1, +1, +1, +1, -1, +1, +1, +1, -1, -1, -1, -1, +1, -1, +1, -1, +1, +1, +1, -1, +1, -1, +1, -1, -1, -1, -1, +1, +1, -1, -1, +1, -1, -1, +1, +1, +1, +1, -1, -1, +1, -1, -1, +1, +1, -1, -1, -1, -1, +1, -1, +1, -1, +1, +1, +1, -1, +1, -1, +1, -1, -1, -1, -1, +1, +1, -1, -1, +1, -1, -1, +1, +1, +1, +1, -1, -1, +1, -1, -1, +1 ],
            [-1, +1, -1, +1, +1, +1, +1, -1, +1, +1, +1, -1, +1, +1, +1, -1, +1, +1, +1, +1, -1, +1, -1, -1, +1, -1, -1, -1, +1, +1, +1, +1, -1, -1, -1, +1, -1, +1, -1, +1, -1, -1, -1, -1, +1, -1, -1, -1, -1, -1, -1, -1, +1, -1, -1, -1, -1, +1, -1, +1, +1, -1, +1, +1, +1, -1, -1, -1, -1, +1, +1, +1, -1, +1, +1, +1, -1, -1, -1, -1, +1, -1, +1, -1, +1, +1, +1, -1, +1, -1, +1, -1, -1, -1, -1, +1, +1, -1, -1, +1, -1, -1, +1, +1, +1, +1, -1, -1, +1, -1, -1, +1, +1, -1, -1, -1, -1, +1, -1, +1, -1, +1, +1, +1, -1, +1, -1, +1, -1, -1, -1, -1, +1, +1, -1, -1, +1, -1, -1, +1, +1, +1, +1, -1, -1, +1, -1, -1 ],
            [-1, -1, +1, -1, +1, +1, +1, +1, -1, +1, +1, +1, -1, +1, +1, +1, -1, +1, +1, +1, +1, -1, +1, -1, -1, +1, -1, -1, -1, +1, +1, +1, +1, -1, -1, -1, +1, +1, +1, -1, +1, -1, -1, -1, -1, +1, -1, -1, -1, -1, -1, -1, -1, +1, -1, -1, -1, -1, +1, -1, +1, +1, -1, +1, +1, +1, -1, -1, -1, -1, +1, +1, +1, -1, -1, +1, +1, -1, -1, -1, -1, +1, -1, +1, -1, +1, +1, +1, -1, +1, -1, +1, -1, -1, -1, -1, +1, +1, -1, -1, +1, -1, -1, +1, +1, +1, +1, -1, -1, +1, -1, -1, +1, +1, -1, -1, -1, -1, +1, -1, +1, -1, +1, +1, +1, -1, +1, -1, +1, -1, -1, -1, -1, +1, +1, -1, -1, +1, -1, -1, +1, +1, +1, +1, -1, -1, +1, -1 ],
            [+1, -1, -1, +1, -1, +1, +1, +1, +1, -1, +1, +1, +1, -1, +1, +1, +1, -1, +1, +1, +1, +1, -1, +1, -1, -1, +1, -1, -1, -1, +1, +1, +1, +1, -1, -1, -1, -1, +1, +1, -1, +1, -1, -1, -1, -1, +1, -1, -1, -1, -1, -1, -1, -1, +1, -1, -1, -1, -1, +1, -1, +1, +1, -1, +1, +1, +1, -1, -1, -1, -1, +1, +1, +1, -1, -1, +1, +1, -1, -1, -1, -1, +1, -1, +1, -1, +1, +1, +1, -1, +1, -1, +1, -1, -1, -1, -1, +1, +1, -1, -1, +1, -1, -1, +1, +1, +1, +1, -1, -1, +1, -1, -1, +1, +1, -1, -1, -1, -1, +1, -1, +1, -1, +1, +1, +1, -1, +1, -1, +1, -1, -1, -1, -1, +1, +1, -1, -1, +1, -1, -1, +1, +1, +1, +1, -1, -1, +1 ],
            [-1, +1, -1, -1, +1, -1, +1, +1, +1, +1, -1, +1, +1, +1, -1, +1, +1, +1, -1, +1, +1, +1, +1, -1, +1, -1, -1, +1, -1, -1, -1, +1, +1, +1, +1, -1, -1, +1, -1, +1, +1, -1, +1, -1, -1, -1, -1, +1, -1, -1, -1, -1, -1, -1, -1, +1, -1, -1, -1, -1, +1, -1, +1, +1, -1, +1, +1, +1, -1, -1, -1, -1, +1, +1, +1, -1, -1, +1, +1, -1, -1, -1, -1, +1, -1, +1, -1, +1, +1, +1, -1, +1, -1, +1, -1, -1, -1, -1, +1, +1, -1, -1, +1, -1, -1, +1, +1, +1, +1, -1, -1, +1, -1, -1, +1, +1, -1, -1, -1, -1, +1, -1, +1, -1, +1, +1, +1, -1, +1, -1, +1, -1, -1, -1, -1, +1, +1, -1, -1, +1, -1, -1, +1, +1, +1, +1, -1, -1 ],
            [-1, -1, +1, -1, -1, +1, -1, +1, +1, +1, +1, -1, +1, +1, +1, -1, +1, +1, +1, -1, +1, +1, +1, +1, -1, +1, -1, -1, +1, -1, -1, -1, +1, +1, +1, +1, -1, +1, +1, -1, +1, +1, -1, +1, -1, -1, -1, -1, +1, -1, -1, -1, -1, -1, -1, -1, +1, -1, -1, -1, -1, +1, -1, +1, +1, -1, +1, +1, +1, -1, -1, -1, -1, +1, -1, +1, -1, -1, +1, +1, -1, -1, -1, -1, +1, -1, +1, -1, +1, +1, +1, -1, +1, -1, +1, -1, -1, -1, -1, +1, +1, -1, -1, +1, -1, -1, +1, +1, +1, +1, -1, -1, +1, -1, -1, +1, +1, -1, -1, -1, -1, +1, -1, +1, -1, +1, +1, +1, -1, +1, -1, +1, -1, -1, -1, -1, +1, +1, -1, -1, +1, -1, -1, +1, +1, +1, +1, -1 ],
            [-1, -1, -1, +1, -1, -1, +1, -1, +1, +1, +1, +1, -1, +1, +1, +1, -1, +1, +1, +1, -1, +1, +1, +1, +1, -1, +1, -1, -1, +1, -1, -1, -1, +1, +1, +1, +1, +1, +1, +1, -1, +1, +1, -1, +1, -1, -1, -1, -1, +1, -1, -1, -1, -1, -1, -1, -1, +1, -1, -1, -1, -1, +1, -1, +1, +1, -1, +1, +1, +1, -1, -1, -1, -1, -1, -1, +1, -1, -1, +1, +1, -1, -1, -1, -1, +1, -1, +1, -1, +1, +1, +1, -1, +1, -1, +1, -1, -1, -1, -1, +1, +1, -1, -1, +1, -1, -1, +1, +1, +1, +1, -1, -1, +1, -1, -1, +1, +1, -1, -1, -1, -1, +1, -1, +1, -1, +1, +1, +1, -1, +1, -1, +1, -1, -1, -1, -1, +1, +1, -1, -1, +1, -1, -1, +1, +1, +1, +1 ],
            [+1, -1, -1, -1, +1, -1, -1, +1, -1, +1, +1, +1, +1, -1, +1, +1, +1, -1, +1, +1, +1, -1, +1, +1, +1, +1, -1, +1, -1, -1, +1, -1, -1, -1, +1, +1, +1, -1, +1, +1, +1, -1, +1, +1, -1, +1, -1, -1, -1, -1, +1, -1, -1, -1, -1, -1, -1, -1, +1, -1, -1, -1, -1, +1, -1, +1, +1, -1, +1, +1, +1, -1, -1, -1, +1, -1, -1, +1, -1, -1, +1, +1, -1, -1, -1, -1, +1, -1, +1, -1, +1, +1, +1, -1, +1, -1, +1, -1, -1, -1, -1, +1, +1, -1, -1, +1, -1, -1, +1, +1, +1, +1, -1, -1, +1, -1, -1, +1, +1, -1, -1, -1, -1, +1, -1, +1, -1, +1, +1, +1, -1, +1, -1, +1, -1, -1, -1, -1, +1, +1, -1, -1, +1, -1, -1, +1, +1, +1 ],
            [+1, +1, -1, -1, -1, +1, -1, -1, +1, -1, +1, +1, +1, +1, -1, +1, +1, +1, -1, +1, +1, +1, -1, +1, +1, +1, +1, -1, +1, -1, -1, +1, -1, -1, -1, +1, +1, -1, -1, +1, +1, +1, -1, +1, +1, -1, +1, -1, -1, -1, -1, +1, -1, -1, -1, -1, -1, -1, -1, +1, -1, -1, -1, -1, +1, -1, +1, +1, -1, +1, +1, +1, -1, -1, +1, +1, -1, -1, +1, -1, -1, +1, +1, -1, -1, -1, -1, +1, -1, +1, -1, +1, +1, +1, -1, +1, -1, +1, -1, -1, -1, -1, +1, +1, -1, -1, +1, -1, -1, +1, +1, +1, +1, -1, -1, +1, -1, -1, +1, +1, -1, -1, -1, -1, +1, -1, +1, -1, +1, +1, +1, -1, +1, -1, +1, -1, -1, -1, -1, +1, +1, -1, -1, +1, -1, -1, +1, +1 ],
            [+1, +1, +1, -1, -1, -1, +1, -1, -1, +1, -1, +1, +1, +1, +1, -1, +1, +1, +1, -1, +1, +1, +1, -1, +1, +1, +1, +1, -1, +1, -1, -1, +1, -1, -1, -1, +1, -1, -1, -1, +1, +1, +1, -1, +1, +1, -1, +1, -1, -1, -1, -1, +1, -1, -1, -1, -1, -1, -1, -1, +1, -1, -1, -1, -1, +1, -1, +1, +1, -1, +1, +1, +1, -1, +1, +1, +1, -1, -1, +1, -1, -1, +1, +1, -1, -1, -1, -1, +1, -1, +1, -1, +1, +1, +1, -1, +1, -1, +1, -1, -1, -1, -1, +1, +1, -1, -1, +1, -1, -1, +1, +1, +1, +1, -1, -1, +1, -1, -1, +1, +1, -1, -1, -1, -1, +1, -1, +1, -1, +1, +1, +1, -1, +1, -1, +1, -1, -1, -1, -1, +1, +1, -1, -1, +1, -1, -1, +1 ],
            [+1, +1, +1, +1, -1, -1, -1, +1, -1, -1, +1, -1, +1, +1, +1, +1, -1, +1, +1, +1, -1, +1, +1, +1, -1, +1, +1, +1, +1, -1, +1, -1, -1, +1, -1, -1, -1, -1, -1, -1, -1, +1, +1, +1, -1, +1, +1, -1, +1, -1, -1, -1, -1, +1, -1, -1, -1, -1, -1, -1, -1, +1, -1, -1, -1, -1, +1, -1, +1, +1, -1, +1, +1, +1, +1, +1, +1, +1, -1, -1, +1, -1, -1, +1, +1, -1, -1, -1, -1, +1, -1, +1, -1, +1, +1, +1, -1, +1, -1, +1, -1, -1, -1, -1, +1, +1, -1, -1, +1, -1, -1, +1, +1, +1, +1, -1, -1, +1, -1, -1, +1, +1, -1, -1, -1, -1, +1, -1, +1, -1, +1, +1, +1, -1, +1, -1, +1, -1, -1, -1, -1, +1, +1, -1, -1, +1, -1, -1 ],
            [-1, +1, +1, +1, +1, -1, -1, -1, +1, -1, -1, +1, -1, +1, +1, +1, +1, -1, +1, +1, +1, -1, +1, +1, +1, -1, +1, +1, +1, +1, -1, +1, -1, -1, +1, -1, -1, +1, -1, -1, -1, -1, +1, +1, +1, -1, +1, +1, -1, +1, -1, -1, -1, -1, +1, -1, -1, -1, -1, -1, -1, -1, +1, -1, -1, -1, -1, +1, -1, +1, +1, -1, +1, +1, -1, +1, +1, +1, +1, -1, -1, +1, -1, -1, +1, +1, -1, -1, -1, -1, +1, -1, +1, -1, +1, +1, +1, -1, +1, -1, +1, -1, -1, -1, -1, +1, +1, -1, -1, +1, -1, -1, +1, +1, +1, +1, -1, -1, +1, -1, -1, +1, +1, -1, -1, -1, -1, +1, -1, +1, -1, +1, +1, +1, -1, +1, -1, +1, -1, -1, -1, -1, +1, +1, -1, -1, +1, -1 ],
            [-1, -1, +1, +1, +1, +1, -1, -1, -1, +1, -1, -1, +1, -1, +1, +1, +1, +1, -1, +1, +1, +1, -1, +1, +1, +1, -1, +1, +1, +1, +1, -1, +1, -1, -1, +1, -1, +1, +1, -1, -1, -1, -1, +1, +1, +1, -1, +1, +1, -1, +1, -1, -1, -1, -1, +1, -1, -1, -1, -1, -1, -1, -1, +1, -1, -1, -1, -1, +1, -1, +1, +1, -1, +1, -1, -1, +1, +1, +1, +1, -1, -1, +1, -1, -1, +1, +1, -1, -1, -1, -1, +1, -1, +1, -1, +1, +1, +1, -1, +1, -1, +1, -1, -1, -1, -1, +1, +1, -1, -1, +1, -1, -1, +1, +1, +1, +1, -1, -1, +1, -1, -1, +1, +1, -1, -1, -1, -1, +1, -1, +1, -1, +1, +1, +1, -1, +1, -1, +1, -1, -1, -1, -1, +1, +1, -1, -1, +1 ],
            [-1, -1, -1, +1, +1, +1, +1, -1, -1, -1, +1, -1, -1, +1, -1, +1, +1, +1, +1, -1, +1, +1, +1, -1, +1, +1, +1, -1, +1, +1, +1, +1, -1, +1, -1, -1, +1, +1, +1, +1, -1, -1, -1, -1, +1, +1, +1, -1, +1, +1, -1, +1, -1, -1, -1, -1, +1, -1, -1, -1, -1, -1, -1, -1, +1, -1, -1, -1, -1, +1, -1, +1, +1, -1, +1, -1, -1, +1, +1, +1, +1, -1, -1, +1, -1, -1, +1, +1, -1, -1, -1, -1, +1, -1, +1, -1, +1, +1, +1, -1, +1, -1, +1, -1, -1, -1, -1, +1, +1, -1, -1, +1, -1, -1, +1, +1, +1, +1, -1, -1, +1, -1, -1, +1, +1, -1, -1, -1, -1, +1, -1, +1, -1, +1, +1, +1, -1, +1, -1, +1, -1, -1, -1, -1, +1, +1, -1, -1 ],
            [+1, -1, -1, -1, +1, +1, +1, +1, -1, -1, -1, +1, -1, -1, +1, -1, +1, +1, +1, +1, -1, +1, +1, +1, -1, +1, +1, +1, -1, +1, +1, +1, +1, -1, +1, -1, -1, -1, +1, +1, +1, -1, -1, -1, -1, +1, +1, +1, -1, +1, +1, -1, +1, -1, -1, -1, -1, +1, -1, -1, -1, -1, -1, -1, -1, +1, -1, -1, -1, -1, +1, -1, +1, +1, -1, +1, -1, -1, +1, +1, +1, +1, -1, -1, +1, -1, -1, +1, +1, -1, -1, -1, -1, +1, -1, +1, -1, +1, +1, +1, -1, +1, -1, +1, -1, -1, -1, -1, +1, +1, -1, -1, +1, -1, -1, +1, +1, +1, +1, -1, -1, +1, -1, -1, +1, +1, -1, -1, -1, -1, +1, -1, +1, -1, +1, +1, +1, -1, +1, -1, +1, -1, -1, -1, -1, +1, +1, -1 ],
            [-1, +1, -1, -1, -1, +1, +1, +1, +1, -1, -1, -1, +1, -1, -1, +1, -1, +1, +1, +1, +1, -1, +1, +1, +1, -1, +1, +1, +1, -1, +1, +1, +1, +1, -1, +1, -1, +1, -1, +1, +1, +1, -1, -1, -1, -1, +1, +1, +1, -1, +1, +1, -1, +1, -1, -1, -1, -1, +1, -1, -1, -1, -1, -1, -1, -1, +1, -1, -1, -1, -1, +1, -1, +1, -1, -1, +1, -1, -1, +1, +1, +1, +1, -1, -1, +1, -1, -1, +1, +1, -1, -1, -1, -1, +1, -1, +1, -1, +1, +1, +1, -1, +1, -1, +1, -1, -1, -1, -1, +1, +1, -1, -1, +1, -1, -1, +1, +1, +1, +1, -1, -1, +1, -1, -1, +1, +1, -1, -1, -1, -1, +1, -1, +1, -1, +1, +1, +1, -1, +1, -1, +1, -1, -1, -1, -1, +1, +1 ],
            [-1, -1, +1, -1, -1, -1, +1, +1, +1, +1, -1, -1, -1, +1, -1, -1, +1, -1, +1, +1, +1, +1, -1, +1, +1, +1, -1, +1, +1, +1, -1, +1, +1, +1, +1, -1, +1, +1, +1, -1, +1, +1, +1, -1, -1, -1, -1, +1, +1, +1, -1, +1, +1, -1, +1, -1, -1, -1, -1, +1, -1, -1, -1, -1, -1, -1, -1, +1, -1, -1, -1, -1, +1, -1, +1, -1, -1, +1, -1, -1, +1, +1, +1, +1, -1, -1, +1, -1, -1, +1, +1, -1, -1, -1, -1, +1, -1, +1, -1, +1, +1, +1, -1, +1, -1, +1, -1, -1, -1, -1, +1, +1, -1, -1, +1, -1, -1, +1, +1, +1, +1, -1, -1, +1, -1, -1, +1, +1, -1, -1, -1, -1, +1, -1, +1, -1, +1, +1, +1, -1, +1, -1, +1, -1, -1, -1, -1, +1 ],
            [+1, -1, -1, +1, -1, -1, -1, +1, +1, +1, +1, -1, -1, -1, +1, -1, -1, +1, -1, +1, +1, +1, +1, -1, +1, +1, +1, -1, +1, +1, +1, -1, +1, +1, +1, +1, -1, -1, +1, +1, -1, +1, +1, +1, -1, -1, -1, -1, +1, +1, +1, -1, +1, +1, -1, +1, -1, -1, -1, -1, +1, -1, -1, -1, -1, -1, -1, -1, +1, -1, -1, -1, -1, +1, +1, +1, -1, -1, +1, -1, -1, +1, +1, +1, +1, -1, -1, +1, -1, -1, +1, +1, -1, -1, -1, -1, +1, -1, +1, -1, +1, +1, +1, -1, +1, -1, +1, -1, -1, -1, -1, +1, +1, -1, -1, +1, -1, -1, +1, +1, +1, +1, -1, -1, +1, -1, -1, +1, +1, -1, -1, -1, -1, +1, -1, +1, -1, +1, +1, +1, -1, +1, -1, +1, -1, -1, -1, -1 ],
            [-1, +1, -1, -1, +1, -1, -1, -1, +1, +1, +1, +1, -1, -1, -1, +1, -1, -1, +1, -1, +1, +1, +1, +1, -1, +1, +1, +1, -1, +1, +1, +1, -1, +1, +1, +1, +1, +1, -1, +1, +1, -1, +1, +1, +1, -1, -1, -1, -1, +1, +1, +1, -1, +1, +1, -1, +1, -1, -1, -1, -1, +1, -1, -1, -1, -1, -1, -1, -1, +1, -1, -1, -1, -1, -1, +1, +1, -1, -1, +1, -1, -1, +1, +1, +1, +1, -1, -1, +1, -1, -1, +1, +1, -1, -1, -1, -1, +1, -1, +1, -1, +1, +1, +1, -1, +1, -1, +1, -1, -1, -1, -1, +1, +1, -1, -1, +1, -1, -1, +1, +1, +1, +1, -1, -1, +1, -1, -1, +1, +1, -1, -1, -1, -1, +1, -1, +1, -1, +1, +1, +1, -1, +1, -1, +1, -1, -1, -1 ],
            [+1, -1, +1, -1, -1, +1, -1, -1, -1, +1, +1, +1, +1, -1, -1, -1, +1, -1, -1, +1, -1, +1, +1, +1, +1, -1, +1, +1, +1, -1, +1, +1, +1, -1, +1, +1, +1, -1, +1, -1, +1, +1, -1, +1, +1, +1, -1, -1, -1, -1, +1, +1, +1, -1, +1, +1, -1, +1, -1, -1, -1, -1, +1, -1, -1, -1, -1, -1, -1, -1, +1, -1, -1, -1, -1, -1, +1, +1, -1, -1, +1, -1, -1, +1, +1, +1, +1, -1, -1, +1, -1, -1, +1, +1, -1, -1, -1, -1, +1, -1, +1, -1, +1, +1, +1, -1, +1, -1, +1, -1, -1, -1, -1, +1, +1, -1, -1, +1, -1, -1, +1, +1, +1, +1, -1, -1, +1, -1, -1, +1, +1, -1, -1, -1, -1, +1, -1, +1, -1, +1, +1, +1, -1, +1, -1, +1, -1, -1 ],
            [+1, +1, -1, +1, -1, -1, +1, -1, -1, -1, +1, +1, +1, +1, -1, -1, -1, +1, -1, -1, +1, -1, +1, +1, +1, +1, -1, +1, +1, +1, -1, +1, +1, +1, -1, +1, +1, -1, -1, +1, -1, +1, +1, -1, +1, +1, +1, -1, -1, -1, -1, +1, +1, +1, -1, +1, +1, -1, +1, -1, -1, -1, -1, +1, -1, -1, -1, -1, -1, -1, -1, +1, -1, -1, -1, -1, -1, +1, +1, -1, -1, +1, -1, -1, +1, +1, +1, +1, -1, -1, +1, -1, -1, +1, +1, -1, -1, -1, -1, +1, -1, +1, -1, +1, +1, +1, -1, +1, -1, +1, -1, -1, -1, -1, +1, +1, -1, -1, +1, -1, -1, +1, +1, +1, +1, -1, -1, +1, -1, -1, +1, +1, -1, -1, -1, -1, +1, -1, +1, -1, +1, +1, +1, -1, +1, -1, +1, -1 ],
            [+1, +1, +1, -1, +1, -1, -1, +1, -1, -1, -1, +1, +1, +1, +1, -1, -1, -1, +1, -1, -1, +1, -1, +1, +1, +1, +1, -1, +1, +1, +1, -1, +1, +1, +1, -1, +1, -1, -1, -1, +1, -1, +1, +1, -1, +1, +1, +1, -1, -1, -1, -1, +1, +1, +1, -1, +1, +1, -1, +1, -1, -1, -1, -1, +1, -1, -1, -1, -1, -1, -1, -1, +1, -1, -1, -1, -1, -1, +1, +1, -1, -1, +1, -1, -1, +1, +1, +1, +1, -1, -1, +1, -1, -1, +1, +1, -1, -1, -1, -1, +1, -1, +1, -1, +1, +1, +1, -1, +1, -1, +1, -1, -1, -1, -1, +1, +1, -1, -1, +1, -1, -1, +1, +1, +1, +1, -1, -1, +1, -1, -1, +1, +1, -1, -1, -1, -1, +1, -1, +1, -1, +1, +1, +1, -1, +1, -1, +1 ],
            [+1, +1, +1, +1, -1, +1, -1, -1, +1, -1, -1, -1, +1, +1, +1, +1, -1, -1, -1, +1, -1, -1, +1, -1, +1, +1, +1, +1, -1, +1, +1, +1, -1, +1, +1, +1, -1, -1, -1, -1, -1, +1, -1, +1, +1, -1, +1, +1, +1, -1, -1, -1, -1, +1, +1, +1, -1, +1, +1, -1, +1, -1, -1, -1, -1, +1, -1, -1, -1, -1, -1, -1, -1, +1, +1, -1, -1, -1, -1, +1, +1, -1, -1, +1, -1, -1, +1, +1, +1, +1, -1, -1, +1, -1, -1, +1, +1, -1, -1, -1, -1, +1, -1, +1, -1, +1, +1, +1, -1, +1, -1, +1, -1, -1, -1, -1, +1, +1, -1, -1, +1, -1, -1, +1, +1, +1, +1, -1, -1, +1, -1, -1, +1, +1, -1, -1, -1, -1, +1, -1, +1, -1, +1, +1, +1, -1, +1, -1 ],
            [-1, +1, +1, +1, +1, -1, +1, -1, -1, +1, -1, -1, -1, +1, +1, +1, +1, -1, -1, -1, +1, -1, -1, +1, -1, +1, +1, +1, +1, -1, +1, +1, +1, -1, +1, +1, +1, +1, -1, -1, -1, -1, +1, -1, +1, +1, -1, +1, +1, +1, -1, -1, -1, -1, +1, +1, +1, -1, +1, +1, -1, +1, -1, -1, -1, -1, +1, -1, -1, -1, -1, -1, -1, -1, -1, +1, -1, -1, -1, -1, +1, +1, -1, -1, +1, -1, -1, +1, +1, +1, +1, -1, -1, +1, -1, -1, +1, +1, -1, -1, -1, -1, +1, -1, +1, -1, +1, +1, +1, -1, +1, -1, +1, -1, -1, -1, -1, +1, +1, -1, -1, +1, -1, -1, +1, +1, +1, +1, -1, -1, +1, -1, -1, +1, +1, -1, -1, -1, -1, +1, -1, +1, -1, +1, +1, +1, -1, +1 ],
            [+1, -1, +1, +1, +1, +1, -1, +1, -1, -1, +1, -1, -1, -1, +1, +1, +1, +1, -1, -1, -1, +1, -1, -1, +1, -1, +1, +1, +1, +1, -1, +1, +1, +1, -1, +1, +1, -1, +1, -1, -1, -1, -1, +1, -1, +1, +1, -1, +1, +1, +1, -1, -1, -1, -1, +1, +1, +1, -1, +1, +1, -1, +1, -1, -1, -1, -1, +1, -1, -1, -1, -1, -1, -1, +1, -1, +1, -1, -1, -1, -1, +1, +1, -1, -1, +1, -1, -1, +1, +1, +1, +1, -1, -1, +1, -1, -1, +1, +1, -1, -1, -1, -1, +1, -1, +1, -1, +1, +1, +1, -1, +1, -1, +1, -1, -1, -1, -1, +1, +1, -1, -1, +1, -1, -1, +1, +1, +1, +1, -1, -1, +1, -1, -1, +1, +1, -1, -1, -1, -1, +1, -1, +1, -1, +1, +1, +1, -1 ],
            [+1, +1, -1, +1, +1, +1, +1, -1, +1, -1, -1, +1, -1, -1, -1, +1, +1, +1, +1, -1, -1, -1, +1, -1, -1, +1, -1, +1, +1, +1, +1, -1, +1, +1, +1, -1, +1, -1, -1, +1, -1, -1, -1, -1, +1, -1, +1, +1, -1, +1, +1, +1, -1, -1, -1, -1, +1, +1, +1, -1, +1, +1, -1, +1, -1, -1, -1, -1, +1, -1, -1, -1, -1, -1, -1, +1, -1, +1, -1, -1, -1, -1, +1, +1, -1, -1, +1, -1, -1, +1, +1, +1, +1, -1, -1, +1, -1, -1, +1, +1, -1, -1, -1, -1, +1, -1, +1, -1, +1, +1, +1, -1, +1, -1, +1, -1, -1, -1, -1, +1, +1, -1, -1, +1, -1, -1, +1, +1, +1, +1, -1, -1, +1, -1, -1, +1, +1, -1, -1, -1, -1, +1, -1, +1, -1, +1, +1, +1 ],
            [+1, +1, +1, -1, +1, +1, +1, +1, -1, +1, -1, -1, +1, -1, -1, -1, +1, +1, +1, +1, -1, -1, -1, +1, -1, -1, +1, -1, +1, +1, +1, +1, -1, +1, +1, +1, -1, -1, -1, -1, +1, -1, -1, -1, -1, +1, -1, +1, +1, -1, +1, +1, +1, -1, -1, -1, -1, +1, +1, +1, -1, +1, +1, -1, +1, -1, -1, -1, -1, +1, -1, -1, -1, -1, +1, -1, +1, -1, +1, -1, -1, -1, -1, +1, +1, -1, -1, +1, -1, -1, +1, +1, +1, +1, -1, -1, +1, -1, -1, +1, +1, -1, -1, -1, -1, +1, -1, +1, -1, +1, +1, +1, -1, +1, -1, +1, -1, -1, -1, -1, +1, +1, -1, -1, +1, -1, -1, +1, +1, +1, +1, -1, -1, +1, -1, -1, +1, +1, -1, -1, -1, -1, +1, -1, +1, -1, +1, +1 ],
        ]
    )

